1000 2000
a 1 2 1
a 2 1 1
a 2 3 10
a 3 2 10
a 3 4 9
a 4 3 9
a 4 5 5
a 5 4 5
a 5 6 10
a 6 5 10
a 6 7 7
a 7 6 7
a 7 8 6
a 8 7 6
a 8 9 5
a 9 8 5
a 9 10 3
a 10 9 3
a 10 11 5
a 11 10 5
a 11 12 1
a 12 11 1
a 12 13 2
a 13 12 2
a 13 14 3
a 14 13 3
a 14 15 5
a 15 14 5
a 15 16 1
a 16 15 1
a 16 17 4
a 17 16 4
a 17 18 10
a 18 17 10
a 18 19 7
a 19 18 7
a 19 20 3
a 20 19 3
a 20 21 9
a 21 20 9
a 21 22 8
a 22 21 8
a 22 23 8
a 23 22 8
a 23 24 3
a 24 23 3
a 24 25 7
a 25 24 7
a 25 26 1
a 26 25 1
a 26 27 5
a 27 26 5
a 27 28 6
a 28 27 6
a 28 29 8
a 29 28 8
a 29 30 6
a 30 29 6
a 30 31 8
a 31 30 8
a 31 32 8
a 32 31 8
a 32 33 1
a 33 32 1
a 33 34 6
a 34 33 6
a 34 35 9
a 35 34 9
a 35 36 8
a 36 35 8
a 36 37 10
a 37 36 10
a 37 38 10
a 38 37 10
a 38 39 1
a 39 38 1
a 39 40 9
a 40 39 9
a 40 41 10
a 41 40 10
a 41 42 4
a 42 41 4
a 42 43 10
a 43 42 10
a 43 44 4
a 44 43 4
a 44 45 9
a 45 44 9
a 45 46 3
a 46 45 3
a 46 47 10
a 47 46 10
a 47 48 8
a 48 47 8
a 48 49 5
a 49 48 5
a 49 50 3
a 50 49 3
a 50 51 2
a 51 50 2
a 51 52 7
a 52 51 7
a 52 53 7
a 53 52 7
a 53 54 10
a 54 53 10
a 54 55 1
a 55 54 1
a 55 56 2
a 56 55 2
a 56 57 6
a 57 56 6
a 57 58 3
a 58 57 3
a 58 59 7
a 59 58 7
a 59 60 5
a 60 59 5
a 60 61 7
a 61 60 7
a 61 62 10
a 62 61 10
a 62 63 6
a 63 62 6
a 63 64 7
a 64 63 7
a 64 65 10
a 65 64 10
a 65 66 1
a 66 65 1
a 66 67 7
a 67 66 7
a 67 68 9
a 68 67 9
a 68 69 4
a 69 68 4
a 69 70 5
a 70 69 5
a 70 71 3
a 71 70 3
a 71 72 3
a 72 71 3
a 72 73 7
a 73 72 7
a 73 74 8
a 74 73 8
a 74 75 2
a 75 74 2
a 75 76 10
a 76 75 10
a 76 77 4
a 77 76 4
a 77 78 10
a 78 77 10
a 78 79 6
a 79 78 6
a 79 80 9
a 80 79 9
a 80 81 7
a 81 80 7
a 81 82 2
a 82 81 2
a 82 83 10
a 83 82 10
a 83 84 6
a 84 83 6
a 84 85 5
a 85 84 5
a 85 86 8
a 86 85 8
a 86 87 7
a 87 86 7
a 87 88 10
a 88 87 10
a 88 89 9
a 89 88 9
a 89 90 8
a 90 89 8
a 90 91 5
a 91 90 5
a 91 92 8
a 92 91 8
a 92 93 3
a 93 92 3
a 93 94 2
a 94 93 2
a 94 95 8
a 95 94 8
a 95 96 8
a 96 95 8
a 96 97 3
a 97 96 3
a 97 98 5
a 98 97 5
a 98 99 9
a 99 98 9
a 99 100 2
a 100 99 2
a 100 101 1
a 101 100 1
a 101 102 9
a 102 101 9
a 102 103 5
a 103 102 5
a 103 104 6
a 104 103 6
a 104 105 10
a 105 104 10
a 105 106 2
a 106 105 2
a 106 107 9
a 107 106 9
a 107 108 6
a 108 107 6
a 108 109 10
a 109 108 10
a 109 110 2
a 110 109 2
a 110 111 6
a 111 110 6
a 111 112 4
a 112 111 4
a 112 113 7
a 113 112 7
a 113 114 10
a 114 113 10
a 114 115 6
a 115 114 6
a 115 116 8
a 116 115 8
a 116 117 3
a 117 116 3
a 117 118 10
a 118 117 10
a 118 119 7
a 119 118 7
a 119 120 8
a 120 119 8
a 120 121 6
a 121 120 6
a 121 122 2
a 122 121 2
a 122 123 5
a 123 122 5
a 123 124 1
a 124 123 1
a 124 125 9
a 125 124 9
a 125 126 7
a 126 125 7
a 126 127 2
a 127 126 2
a 127 128 10
a 128 127 10
a 128 129 1
a 129 128 1
a 129 130 2
a 130 129 2
a 130 131 10
a 131 130 10
a 131 132 7
a 132 131 7
a 132 133 9
a 133 132 9
a 133 134 6
a 134 133 6
a 134 135 2
a 135 134 2
a 135 136 4
a 136 135 4
a 136 137 3
a 137 136 3
a 137 138 6
a 138 137 6
a 138 139 8
a 139 138 8
a 139 140 10
a 140 139 10
a 140 141 5
a 141 140 5
a 141 142 1
a 142 141 1
a 142 143 10
a 143 142 10
a 143 144 7
a 144 143 7
a 144 145 7
a 145 144 7
a 145 146 1
a 146 145 1
a 146 147 10
a 147 146 10
a 147 148 8
a 148 147 8
a 148 149 2
a 149 148 2
a 149 150 7
a 150 149 7
a 150 151 7
a 151 150 7
a 151 152 10
a 152 151 10
a 152 153 8
a 153 152 8
a 153 154 7
a 154 153 7
a 154 155 5
a 155 154 5
a 155 156 4
a 156 155 4
a 156 157 1
a 157 156 1
a 157 158 4
a 158 157 4
a 158 159 4
a 159 158 4
a 159 160 5
a 160 159 5
a 160 161 5
a 161 160 5
a 161 162 3
a 162 161 3
a 162 163 9
a 163 162 9
a 163 164 7
a 164 163 7
a 164 165 7
a 165 164 7
a 165 166 8
a 166 165 8
a 166 167 6
a 167 166 6
a 167 168 6
a 168 167 6
a 168 169 9
a 169 168 9
a 169 170 9
a 170 169 9
a 170 171 6
a 171 170 6
a 171 172 9
a 172 171 9
a 172 173 7
a 173 172 7
a 173 174 10
a 174 173 10
a 174 175 4
a 175 174 4
a 175 176 10
a 176 175 10
a 176 177 4
a 177 176 4
a 177 178 10
a 178 177 10
a 178 179 5
a 179 178 5
a 179 180 8
a 180 179 8
a 180 181 6
a 181 180 6
a 181 182 6
a 182 181 6
a 182 183 7
a 183 182 7
a 183 184 2
a 184 183 2
a 184 185 5
a 185 184 5
a 185 186 7
a 186 185 7
a 186 187 10
a 187 186 10
a 187 188 10
a 188 187 10
a 188 189 1
a 189 188 1
a 189 190 4
a 190 189 4
a 190 191 6
a 191 190 6
a 191 192 2
a 192 191 2
a 192 193 7
a 193 192 7
a 193 194 8
a 194 193 8
a 194 195 7
a 195 194 7
a 195 196 2
a 196 195 2
a 196 197 2
a 197 196 2
a 197 198 8
a 198 197 8
a 198 199 9
a 199 198 9
a 199 200 9
a 200 199 9
a 200 201 10
a 201 200 10
a 201 202 5
a 202 201 5
a 202 203 2
a 203 202 2
a 203 204 6
a 204 203 6
a 204 205 4
a 205 204 4
a 205 206 6
a 206 205 6
a 206 207 5
a 207 206 5
a 207 208 6
a 208 207 6
a 208 209 5
a 209 208 5
a 209 210 2
a 210 209 2
a 210 211 5
a 211 210 5
a 211 212 3
a 212 211 3
a 212 213 1
a 213 212 1
a 213 214 5
a 214 213 5
a 214 215 9
a 215 214 9
a 215 216 8
a 216 215 8
a 216 217 6
a 217 216 6
a 217 218 2
a 218 217 2
a 218 219 6
a 219 218 6
a 219 220 5
a 220 219 5
a 220 221 8
a 221 220 8
a 221 222 6
a 222 221 6
a 222 223 3
a 223 222 3
a 223 224 5
a 224 223 5
a 224 225 8
a 225 224 8
a 225 226 4
a 226 225 4
a 226 227 3
a 227 226 3
a 227 228 8
a 228 227 8
a 228 229 4
a 229 228 4
a 228 329 5
a 329 228 5
a 229 230 5
a 230 229 5
a 230 231 3
a 231 230 3
a 231 232 7
a 232 231 7
a 232 233 6
a 233 232 6
a 233 234 10
a 234 233 10
a 234 235 5
a 235 234 5
a 235 236 2
a 236 235 2
a 236 237 1
a 237 236 1
a 237 238 2
a 238 237 2
a 238 239 6
a 239 238 6
a 239 240 4
a 240 239 4
a 240 241 2
a 241 240 2
a 241 242 7
a 242 241 7
a 242 243 8
a 243 242 8
a 243 244 2
a 244 243 2
a 244 245 5
a 245 244 5
a 245 246 6
a 246 245 6
a 246 247 1
a 247 246 1
a 247 248 2
a 248 247 2
a 248 249 8
a 249 248 8
a 249 250 2
a 250 249 2
a 250 251 5
a 251 250 5
a 251 252 2
a 252 251 2
a 252 253 2
a 253 252 2
a 253 254 4
a 254 253 4
a 254 255 8
a 255 254 8
a 255 256 1
a 256 255 1
a 256 257 7
a 257 256 7
a 257 258 7
a 258 257 7
a 258 259 3
a 259 258 3
a 259 260 1
a 260 259 1
a 260 261 8
a 261 260 8
a 261 262 8
a 262 261 8
a 262 263 4
a 263 262 4
a 263 264 6
a 264 263 6
a 264 265 10
a 265 264 10
a 265 266 4
a 266 265 4
a 266 267 2
a 267 266 2
a 267 268 1
a 268 267 1
a 268 269 9
a 269 268 9
a 269 270 3
a 270 269 3
a 270 271 7
a 271 270 7
a 271 272 4
a 272 271 4
a 272 273 9
a 273 272 9
a 273 274 2
a 274 273 2
a 274 275 6
a 275 274 6
a 275 276 5
a 276 275 5
a 276 277 10
a 277 276 10
a 277 278 2
a 278 277 2
a 278 279 8
a 279 278 8
a 279 280 1
a 280 279 1
a 280 281 9
a 281 280 9
a 281 282 9
a 282 281 9
a 282 283 4
a 283 282 4
a 283 284 5
a 284 283 5
a 284 285 10
a 285 284 10
a 285 286 9
a 286 285 9
a 286 287 2
a 287 286 2
a 287 288 5
a 288 287 5
a 288 289 10
a 289 288 10
a 289 290 8
a 290 289 8
a 290 291 7
a 291 290 7
a 291 292 10
a 292 291 10
a 292 293 4
a 293 292 4
a 293 294 10
a 294 293 10
a 294 295 8
a 295 294 8
a 295 296 4
a 296 295 4
a 296 297 4
a 297 296 4
a 297 298 1
a 298 297 1
a 298 299 8
a 299 298 8
a 299 300 7
a 300 299 7
a 300 301 7
a 301 300 7
a 301 302 2
a 302 301 2
a 302 303 4
a 303 302 4
a 303 304 6
a 304 303 6
a 304 305 5
a 305 304 5
a 305 306 8
a 306 305 8
a 306 307 10
a 307 306 10
a 307 308 3
a 308 307 3
a 308 309 6
a 309 308 6
a 309 310 6
a 310 309 6
a 310 311 5
a 311 310 5
a 311 312 6
a 312 311 6
a 312 313 3
a 313 312 3
a 313 314 8
a 314 313 8
a 314 315 4
a 315 314 4
a 315 316 10
a 316 315 10
a 316 317 2
a 317 316 2
a 317 318 6
a 318 317 6
a 318 319 5
a 319 318 5
a 319 320 1
a 320 319 1
a 320 321 3
a 321 320 3
a 321 322 3
a 322 321 3
a 322 323 2
a 323 322 2
a 323 324 1
a 324 323 1
a 324 325 1
a 325 324 1
a 325 326 1
a 326 325 1
a 326 327 1
a 327 326 1
a 327 328 1
a 328 327 1
a 328 329 6
a 329 328 6
a 329 330 1
a 330 329 1
a 330 331 7
a 331 330 7
a 331 332 7
a 332 331 7
a 332 333 5
a 333 332 5
a 333 334 3
a 334 333 3
a 334 335 1
a 335 334 1
a 335 336 7
a 336 335 7
a 336 337 6
a 337 336 6
a 337 338 6
a 338 337 6
a 338 339 7
a 339 338 7
a 339 340 2
a 340 339 2
a 340 341 9
a 341 340 9
a 341 342 4
a 342 341 4
a 342 343 8
a 343 342 8
a 343 344 5
a 344 343 5
a 344 345 1
a 345 344 1
a 345 346 9
a 346 345 9
a 346 347 4
a 347 346 4
a 347 348 10
a 348 347 10
a 348 349 5
a 349 348 5
a 349 350 2
a 350 349 2
a 350 351 2
a 351 350 2
a 351 352 3
a 352 351 3
a 352 353 5
a 353 352 5
a 353 354 9
a 354 353 9
a 354 355 4
a 355 354 4
a 355 356 5
a 356 355 5
a 356 357 1
a 357 356 1
a 357 358 9
a 358 357 9
a 358 359 8
a 359 358 8
a 359 360 10
a 360 359 10
a 360 361 9
a 361 360 9
a 361 362 10
a 362 361 10
a 362 363 7
a 363 362 7
a 363 364 1
a 364 363 1
a 364 365 9
a 365 364 9
a 365 366 7
a 366 365 7
a 366 367 6
a 367 366 6
a 367 368 2
a 368 367 2
a 368 369 3
a 369 368 3
a 369 370 1
a 370 369 1
a 370 371 5
a 371 370 5
a 371 372 6
a 372 371 6
a 372 373 10
a 373 372 10
a 373 374 8
a 374 373 8
a 374 375 3
a 375 374 3
a 375 376 2
a 376 375 2
a 376 377 6
a 377 376 6
a 377 378 5
a 378 377 5
a 378 379 4
a 379 378 4
a 379 380 2
a 380 379 2
a 380 381 1
a 381 380 1
a 381 382 1
a 382 381 1
a 382 383 5
a 383 382 5
a 383 384 2
a 384 383 2
a 384 385 5
a 385 384 5
a 385 386 7
a 386 385 7
a 386 387 10
a 387 386 10
a 387 388 9
a 388 387 9
a 388 389 1
a 389 388 1
a 389 390 1
a 390 389 1
a 390 391 9
a 391 390 9
a 391 392 10
a 392 391 10
a 392 393 4
a 393 392 4
a 393 394 2
a 394 393 2
a 394 395 10
a 395 394 10
a 395 396 10
a 396 395 10
a 396 397 8
a 397 396 8
a 397 398 1
a 398 397 1
a 398 399 8
a 399 398 8
a 399 400 6
a 400 399 6
a 400 401 3
a 401 400 3
a 401 402 4
a 402 401 4
a 402 403 6
a 403 402 6
a 403 404 7
a 404 403 7
a 404 405 5
a 405 404 5
a 405 406 2
a 406 405 2
a 406 407 7
a 407 406 7
a 407 408 1
a 408 407 1
a 408 409 9
a 409 408 9
a 409 410 7
a 410 409 7
a 410 411 1
a 411 410 1
a 411 412 10
a 412 411 10
a 412 413 5
a 413 412 5
a 413 414 6
a 414 413 6
a 414 415 8
a 415 414 8
a 415 416 5
a 416 415 5
a 416 417 2
a 417 416 2
a 417 418 8
a 418 417 8
a 418 419 6
a 419 418 6
a 419 420 8
a 420 419 8
a 420 421 6
a 421 420 6
a 421 422 4
a 422 421 4
a 422 423 4
a 423 422 4
a 423 424 2
a 424 423 2
a 424 425 8
a 425 424 8
a 425 426 1
a 426 425 1
a 426 427 1
a 427 426 1
a 427 428 10
a 428 427 10
a 428 429 2
a 429 428 2
a 429 430 4
a 430 429 4
a 430 431 8
a 431 430 8
a 431 432 9
a 432 431 9
a 432 433 8
a 433 432 8
a 433 434 9
a 434 433 9
a 434 435 3
a 435 434 3
a 435 436 10
a 436 435 10
a 436 437 4
a 437 436 4
a 437 438 1
a 438 437 1
a 438 439 8
a 439 438 8
a 439 440 8
a 440 439 8
a 440 441 8
a 441 440 8
a 441 442 5
a 442 441 5
a 442 443 10
a 443 442 10
a 443 444 10
a 444 443 10
a 444 445 4
a 445 444 4
a 445 446 10
a 446 445 10
a 446 447 7
a 447 446 7
a 447 448 4
a 448 447 4
a 448 449 7
a 449 448 7
a 449 450 8
a 450 449 8
a 450 451 10
a 451 450 10
a 451 452 7
a 452 451 7
a 452 453 4
a 453 452 4
a 453 454 8
a 454 453 8
a 454 455 9
a 455 454 9
a 455 456 4
a 456 455 4
a 456 457 3
a 457 456 3
a 457 458 4
a 458 457 4
a 458 459 9
a 459 458 9
a 459 460 4
a 460 459 4
a 460 461 4
a 461 460 4
a 461 462 1
a 462 461 1
a 462 463 9
a 463 462 9
a 463 464 8
a 464 463 8
a 464 465 3
a 465 464 3
a 465 466 1
a 466 465 1
a 466 467 2
a 467 466 2
a 467 468 6
a 468 467 6
a 468 469 8
a 469 468 8
a 469 470 3
a 470 469 3
a 470 471 1
a 471 470 1
a 471 472 3
a 472 471 3
a 472 473 7
a 473 472 7
a 473 474 10
a 474 473 10
a 474 475 5
a 475 474 5
a 475 476 9
a 476 475 9
a 476 477 10
a 477 476 10
a 477 478 4
a 478 477 4
a 478 479 4
a 479 478 4
a 479 480 2
a 480 479 2
a 480 481 6
a 481 480 6
a 481 482 9
a 482 481 9
a 482 483 9
a 483 482 9
a 483 484 1
a 484 483 1
a 484 485 10
a 485 484 10
a 485 486 2
a 486 485 2
a 486 487 3
a 487 486 3
a 487 488 4
a 488 487 4
a 488 489 2
a 489 488 2
a 489 490 4
a 490 489 4
a 490 491 7
a 491 490 7
a 491 492 7
a 492 491 7
a 492 493 10
a 493 492 10
a 493 494 8
a 494 493 8
a 494 495 1
a 495 494 1
a 495 496 9
a 496 495 9
a 496 497 4
a 497 496 4
a 497 498 2
a 498 497 2
a 498 499 2
a 499 498 2
a 499 500 6
a 500 499 6
a 500 501 1
a 501 500 1
a 501 502 2
a 502 501 2
a 502 503 8
a 503 502 8
a 503 504 3
a 504 503 3
a 504 505 7
a 505 504 7
a 505 506 9
a 506 505 9
a 506 507 3
a 507 506 3
a 507 508 5
a 508 507 5
a 508 509 7
a 509 508 7
a 509 510 8
a 510 509 8
a 510 511 3
a 511 510 3
a 511 512 4
a 512 511 4
a 512 513 3
a 513 512 3
a 513 514 10
a 514 513 10
a 514 515 10
a 515 514 10
a 515 516 3
a 516 515 3
a 516 517 1
a 517 516 1
a 517 518 4
a 518 517 4
a 518 519 6
a 519 518 6
a 519 520 6
a 520 519 6
a 520 521 9
a 521 520 9
a 521 522 7
a 522 521 7
a 522 523 10
a 523 522 10
a 523 524 9
a 524 523 9
a 524 525 6
a 525 524 6
a 525 526 9
a 526 525 9
a 526 527 9
a 527 526 9
a 527 528 6
a 528 527 6
a 528 529 6
a 529 528 6
a 529 530 9
a 530 529 9
a 530 531 6
a 531 530 6
a 531 532 5
a 532 531 5
a 532 533 8
a 533 532 8
a 533 534 4
a 534 533 4
a 534 535 3
a 535 534 3
a 535 536 1
a 536 535 1
a 536 537 2
a 537 536 2
a 537 538 5
a 538 537 5
a 538 539 1
a 539 538 1
a 539 540 1
a 540 539 1
a 540 541 9
a 541 540 9
a 541 542 4
a 542 541 4
a 542 543 10
a 543 542 10
a 543 544 8
a 544 543 8
a 544 545 10
a 545 544 10
a 545 546 9
a 546 545 9
a 546 547 10
a 547 546 10
a 547 548 4
a 548 547 4
a 548 549 9
a 549 548 9
a 549 550 3
a 550 549 3
a 550 551 2
a 551 550 2
a 551 552 9
a 552 551 9
a 552 553 6
a 553 552 6
a 553 554 4
a 554 553 4
a 554 555 10
a 555 554 10
a 555 556 6
a 556 555 6
a 556 557 8
a 557 556 8
a 557 558 4
a 558 557 4
a 558 559 9
a 559 558 9
a 559 560 6
a 560 559 6
a 560 561 1
a 561 560 1
a 561 562 8
a 562 561 8
a 562 563 5
a 563 562 5
a 563 564 2
a 564 563 2
a 564 565 1
a 565 564 1
a 565 566 10
a 566 565 10
a 566 567 2
a 567 566 2
a 567 568 2
a 568 567 2
a 568 569 1
a 569 568 1
a 569 570 10
a 570 569 10
a 570 571 1
a 571 570 1
a 571 572 5
a 572 571 5
a 572 573 10
a 573 572 10
a 573 574 3
a 574 573 3
a 574 575 7
a 575 574 7
a 575 576 8
a 576 575 8
a 576 577 2
a 577 576 2
a 577 578 10
a 578 577 10
a 578 579 2
a 579 578 2
a 579 580 7
a 580 579 7
a 580 581 6
a 581 580 6
a 581 582 8
a 582 581 8
a 582 583 10
a 583 582 10
a 583 584 6
a 584 583 6
a 584 585 10
a 585 584 10
a 585 586 4
a 586 585 4
a 586 587 8
a 587 586 8
a 587 588 4
a 588 587 4
a 588 589 8
a 589 588 8
a 589 590 8
a 590 589 8
a 590 591 5
a 591 590 5
a 591 592 1
a 592 591 1
a 592 593 3
a 593 592 3
a 593 594 10
a 594 593 10
a 594 595 3
a 595 594 3
a 595 596 5
a 596 595 5
a 596 597 6
a 597 596 6
a 597 598 10
a 598 597 10
a 598 599 2
a 599 598 2
a 599 600 7
a 600 599 7
a 600 601 2
a 601 600 2
a 601 602 10
a 602 601 10
a 602 603 3
a 603 602 3
a 603 604 10
a 604 603 10
a 604 605 3
a 605 604 3
a 605 606 7
a 606 605 7
a 606 607 10
a 607 606 10
a 607 608 3
a 608 607 3
a 608 609 6
a 609 608 6
a 609 610 10
a 610 609 10
a 610 611 7
a 611 610 7
a 611 612 4
a 612 611 4
a 612 613 10
a 613 612 10
a 613 614 5
a 614 613 5
a 614 615 5
a 615 614 5
a 615 616 8
a 616 615 8
a 616 617 2
a 617 616 2
a 617 618 10
a 618 617 10
a 618 619 7
a 619 618 7
a 619 620 7
a 620 619 7
a 620 621 5
a 621 620 5
a 621 622 2
a 622 621 2
a 622 623 9
a 623 622 9
a 623 624 10
a 624 623 10
a 624 625 9
a 625 624 9
a 625 626 9
a 626 625 9
a 626 627 10
a 627 626 10
a 627 628 8
a 628 627 8
a 628 629 2
a 629 628 2
a 629 630 9
a 630 629 9
a 630 631 2
a 631 630 2
a 631 632 7
a 632 631 7
a 632 633 4
a 633 632 4
a 633 634 8
a 634 633 8
a 634 635 1
a 635 634 1
a 635 636 2
a 636 635 2
a 636 637 5
a 637 636 5
a 637 638 1
a 638 637 1
a 638 639 1
a 639 638 1
a 639 640 1
a 640 639 1
a 640 641 7
a 641 640 7
a 641 642 10
a 642 641 10
a 642 643 9
a 643 642 9
a 643 644 9
a 644 643 9
a 644 645 4
a 645 644 4
a 645 646 7
a 646 645 7
a 646 647 4
a 647 646 4
a 647 648 1
a 648 647 1
a 648 649 5
a 649 648 5
a 649 650 7
a 650 649 7
a 650 651 7
a 651 650 7
a 651 652 7
a 652 651 7
a 652 653 1
a 653 652 1
a 653 654 3
a 654 653 3
a 654 655 4
a 655 654 4
a 655 656 4
a 656 655 4
a 656 657 6
a 657 656 6
a 657 658 4
a 658 657 4
a 658 659 3
a 659 658 3
a 659 660 9
a 660 659 9
a 660 661 7
a 661 660 7
a 661 662 2
a 662 661 2
a 662 663 7
a 663 662 7
a 663 664 9
a 664 663 9
a 664 665 3
a 665 664 3
a 665 666 8
a 666 665 8
a 666 667 6
a 667 666 6
a 667 668 6
a 668 667 6
a 668 669 2
a 669 668 2
a 669 670 3
a 670 669 3
a 670 671 7
a 671 670 7
a 671 672 4
a 672 671 4
a 672 673 10
a 673 672 10
a 673 674 8
a 674 673 8
a 674 675 7
a 675 674 7
a 675 676 5
a 676 675 5
a 676 677 3
a 677 676 3
a 677 678 8
a 678 677 8
a 678 679 7
a 679 678 7
a 679 680 9
a 680 679 9
a 680 681 9
a 681 680 9
a 681 682 2
a 682 681 2
a 682 683 5
a 683 682 5
a 683 684 6
a 684 683 6
a 684 685 8
a 685 684 8
a 685 686 9
a 686 685 9
a 686 687 1
a 687 686 1
a 687 688 6
a 688 687 6
a 688 689 10
a 689 688 10
a 689 690 4
a 690 689 4
a 690 691 6
a 691 690 6
a 691 692 6
a 692 691 6
a 692 693 2
a 693 692 2
a 693 694 7
a 694 693 7
a 694 695 4
a 695 694 4
a 695 696 3
a 696 695 3
a 696 697 1
a 697 696 1
a 697 698 7
a 698 697 7
a 698 699 10
a 699 698 10
a 699 700 8
a 700 699 8
a 700 701 10
a 701 700 10
a 701 702 2
a 702 701 2
a 702 703 2
a 703 702 2
a 703 704 10
a 704 703 10
a 704 705 4
a 705 704 4
a 705 706 2
a 706 705 2
a 706 707 5
a 707 706 5
a 707 708 4
a 708 707 4
a 708 709 1
a 709 708 1
a 709 710 8
a 710 709 8
a 710 711 4
a 711 710 4
a 711 712 7
a 712 711 7
a 712 713 7
a 713 712 7
a 713 714 3
a 714 713 3
a 714 715 5
a 715 714 5
a 715 716 8
a 716 715 8
a 716 717 9
a 717 716 9
a 717 718 6
a 718 717 6
a 718 719 9
a 719 718 9
a 719 720 10
a 720 719 10
a 720 721 5
a 721 720 5
a 721 722 1
a 722 721 1
a 722 723 3
a 723 722 3
a 723 724 1
a 724 723 1
a 724 725 1
a 725 724 1
a 725 726 7
a 726 725 7
a 726 727 4
a 727 726 4
a 727 728 10
a 728 727 10
a 728 729 2
a 729 728 2
a 729 730 6
a 730 729 6
a 730 731 5
a 731 730 5
a 731 732 6
a 732 731 6
a 732 733 2
a 733 732 2
a 733 734 1
a 734 733 1
a 734 735 3
a 735 734 3
a 735 736 4
a 736 735 4
a 736 737 3
a 737 736 3
a 737 738 5
a 738 737 5
a 738 739 7
a 739 738 7
a 739 740 1
a 740 739 1
a 740 741 2
a 741 740 2
a 741 742 9
a 742 741 9
a 742 743 3
a 743 742 3
a 743 744 1
a 744 743 1
a 744 745 3
a 745 744 3
a 745 746 5
a 746 745 5
a 746 747 5
a 747 746 5
a 747 748 2
a 748 747 2
a 748 749 5
a 749 748 5
a 749 750 10
a 750 749 10
a 750 751 7
a 751 750 7
a 751 752 3
a 752 751 3
a 752 753 10
a 753 752 10
a 753 754 9
a 754 753 9
a 754 755 5
a 755 754 5
a 755 756 10
a 756 755 10
a 756 757 3
a 757 756 3
a 757 758 7
a 758 757 7
a 758 759 8
a 759 758 8
a 759 760 4
a 760 759 4
a 760 761 2
a 761 760 2
a 761 762 2
a 762 761 2
a 762 763 9
a 763 762 9
a 763 764 6
a 764 763 6
a 764 765 9
a 765 764 9
a 765 766 10
a 766 765 10
a 766 767 9
a 767 766 9
a 767 768 5
a 768 767 5
a 768 769 7
a 769 768 7
a 769 770 3
a 770 769 3
a 770 771 3
a 771 770 3
a 771 772 7
a 772 771 7
a 772 773 1
a 773 772 1
a 773 774 10
a 774 773 10
a 774 775 1
a 775 774 1
a 775 776 2
a 776 775 2
a 776 777 10
a 777 776 10
a 777 778 3
a 778 777 3
a 778 779 5
a 779 778 5
a 779 780 9
a 780 779 9
a 780 781 7
a 781 780 7
a 781 782 1
a 782 781 1
a 782 783 3
a 783 782 3
a 783 784 7
a 784 783 7
a 784 785 3
a 785 784 3
a 785 786 8
a 786 785 8
a 786 787 1
a 787 786 1
a 787 788 2
a 788 787 2
a 788 789 2
a 789 788 2
a 789 790 6
a 790 789 6
a 790 791 6
a 791 790 6
a 791 792 9
a 792 791 9
a 792 793 10
a 793 792 10
a 793 794 1
a 794 793 1
a 794 795 4
a 795 794 4
a 795 796 9
a 796 795 9
a 796 797 9
a 797 796 9
a 797 798 2
a 798 797 2
a 798 799 4
a 799 798 4
a 799 800 7
a 800 799 7
a 800 801 9
a 801 800 9
a 801 802 7
a 802 801 7
a 802 803 4
a 803 802 4
a 803 804 6
a 804 803 6
a 804 805 2
a 805 804 2
a 805 806 9
a 806 805 9
a 806 807 8
a 807 806 8
a 807 808 9
a 808 807 9
a 808 809 8
a 809 808 8
a 809 810 4
a 810 809 4
a 810 811 7
a 811 810 7
a 811 812 9
a 812 811 9
a 812 813 5
a 813 812 5
a 813 814 6
a 814 813 6
a 814 815 9
a 815 814 9
a 815 816 2
a 816 815 2
a 816 817 7
a 817 816 7
a 817 818 3
a 818 817 3
a 818 819 10
a 819 818 10
a 819 820 5
a 820 819 5
a 820 821 2
a 821 820 2
a 821 822 10
a 822 821 10
a 822 823 7
a 823 822 7
a 823 824 2
a 824 823 2
a 824 825 9
a 825 824 9
a 825 826 1
a 826 825 1
a 826 827 8
a 827 826 8
a 827 828 1
a 828 827 1
a 828 829 8
a 829 828 8
a 829 830 7
a 830 829 7
a 830 831 7
a 831 830 7
a 831 832 5
a 832 831 5
a 832 833 8
a 833 832 8
a 833 834 8
a 834 833 8
a 834 835 2
a 835 834 2
a 835 836 10
a 836 835 10
a 836 837 3
a 837 836 3
a 837 838 3
a 838 837 3
a 838 839 8
a 839 838 8
a 839 840 4
a 840 839 4
a 840 841 7
a 841 840 7
a 841 842 8
a 842 841 8
a 842 843 10
a 843 842 10
a 843 844 3
a 844 843 3
a 844 845 1
a 845 844 1
a 845 846 7
a 846 845 7
a 846 847 8
a 847 846 8
a 847 848 9
a 848 847 9
a 848 849 5
a 849 848 5
a 849 850 8
a 850 849 8
a 850 851 5
a 851 850 5
a 851 852 1
a 852 851 1
a 852 853 5
a 853 852 5
a 853 854 3
a 854 853 3
a 854 855 10
a 855 854 10
a 855 856 10
a 856 855 10
a 856 857 7
a 857 856 7
a 857 858 9
a 858 857 9
a 858 859 5
a 859 858 5
a 859 860 6
a 860 859 6
a 860 861 6
a 861 860 6
a 861 862 4
a 862 861 4
a 862 863 6
a 863 862 6
a 863 864 7
a 864 863 7
a 864 865 1
a 865 864 1
a 865 866 6
a 866 865 6
a 866 867 6
a 867 866 6
a 867 868 7
a 868 867 7
a 868 869 4
a 869 868 4
a 869 870 8
a 870 869 8
a 870 871 7
a 871 870 7
a 871 872 10
a 872 871 10
a 872 873 10
a 873 872 10
a 873 874 1
a 874 873 1
a 874 875 6
a 875 874 6
a 875 876 5
a 876 875 5
a 876 877 5
a 877 876 5
a 877 878 4
a 878 877 4
a 878 879 6
a 879 878 6
a 879 880 10
a 880 879 10
a 880 881 6
a 881 880 6
a 881 882 7
a 882 881 7
a 882 883 2
a 883 882 2
a 883 884 10
a 884 883 10
a 884 885 10
a 885 884 10
a 885 886 5
a 886 885 5
a 886 887 5
a 887 886 5
a 887 888 8
a 888 887 8
a 888 889 3
a 889 888 3
a 889 890 10
a 890 889 10
a 890 891 5
a 891 890 5
a 891 892 8
a 892 891 8
a 892 893 8
a 893 892 8
a 893 894 4
a 894 893 4
a 894 895 2
a 895 894 2
a 895 896 1
a 896 895 1
a 896 897 1
a 897 896 1
a 897 898 9
a 898 897 9
a 898 899 7
a 899 898 7
a 899 900 5
a 900 899 5
a 900 901 9
a 901 900 9
a 901 902 6
a 902 901 6
a 902 903 2
a 903 902 2
a 903 904 3
a 904 903 3
a 904 905 10
a 905 904 10
a 905 906 6
a 906 905 6
a 906 907 10
a 907 906 10
a 907 908 7
a 908 907 7
a 908 909 10
a 909 908 10
a 909 910 8
a 910 909 8
a 910 911 8
a 911 910 8
a 911 912 4
a 912 911 4
a 912 913 5
a 913 912 5
a 913 914 4
a 914 913 4
a 914 915 6
a 915 914 6
a 915 916 10
a 916 915 10
a 916 917 6
a 917 916 6
a 917 918 8
a 918 917 8
a 918 919 9
a 919 918 9
a 919 920 1
a 920 919 1
a 920 921 10
a 921 920 10
a 921 922 7
a 922 921 7
a 922 923 3
a 923 922 3
a 923 924 1
a 924 923 1
a 924 925 1
a 925 924 1
a 925 926 3
a 926 925 3
a 926 927 10
a 927 926 10
a 927 928 5
a 928 927 5
a 928 929 10
a 929 928 10
a 929 930 6
a 930 929 6
a 930 931 7
a 931 930 7
a 931 932 9
a 932 931 9
a 932 933 5
a 933 932 5
a 933 934 6
a 934 933 6
a 934 935 7
a 935 934 7
a 935 936 4
a 936 935 4
a 936 937 8
a 937 936 8
a 937 938 6
a 938 937 6
a 938 939 2
a 939 938 2
a 939 940 6
a 940 939 6
a 940 941 5
a 941 940 5
a 941 942 10
a 942 941 10
a 942 943 6
a 943 942 6
a 943 944 3
a 944 943 3
a 944 945 4
a 945 944 4
a 945 946 6
a 946 945 6
a 946 947 10
a 947 946 10
a 947 948 7
a 948 947 7
a 948 949 9
a 949 948 9
a 949 950 3
a 950 949 3
a 950 951 3
a 951 950 3
a 951 952 1
a 952 951 1
a 952 953 10
a 953 952 10
a 953 954 4
a 954 953 4
a 954 955 1
a 955 954 1
a 955 956 8
a 956 955 8
a 956 957 8
a 957 956 8
a 957 958 6
a 958 957 6
a 958 959 4
a 959 958 4
a 959 960 9
a 960 959 9
a 960 961 9
a 961 960 9
a 961 962 9
a 962 961 9
a 962 963 6
a 963 962 6
a 963 964 2
a 964 963 2
a 964 965 10
a 965 964 10
a 965 966 7
a 966 965 7
a 966 967 4
a 967 966 4
a 967 968 6
a 968 967 6
a 968 969 6
a 969 968 6
a 969 970 5
a 970 969 5
a 970 971 5
a 971 970 5
a 971 972 8
a 972 971 8
a 972 973 8
a 973 972 8
a 973 974 9
a 974 973 9
a 974 975 6
a 975 974 6
a 975 976 5
a 976 975 5
a 976 977 1
a 977 976 1
a 977 978 5
a 978 977 5
a 978 979 1
a 979 978 1
a 979 980 6
a 980 979 6
a 980 981 3
a 981 980 3
a 981 982 5
a 982 981 5
a 982 983 5
a 983 982 5
a 983 984 7
a 984 983 7
a 984 985 9
a 985 984 9
a 985 986 3
a 986 985 3
a 986 987 2
a 987 986 2
a 987 988 2
a 988 987 2
a 988 989 7
a 989 988 7
a 989 990 2
a 990 989 2
a 990 991 4
a 991 990 4
a 991 992 9
a 992 991 9
a 992 993 8
a 993 992 8
a 993 994 7
a 994 993 7
a 994 995 1
a 995 994 1
a 995 996 3
a 996 995 3
a 996 997 10
a 997 996 10
a 997 998 9
a 998 997 9
a 998 999 1
a 999 998 1
a 999 1000 7
a 1000 999 7
