1000 2000
a 1 2 5
a 2 1 5
a 2 3 6
a 3 2 6
a 3 4 1
a 4 3 1
a 4 5 1
a 5 4 1
a 5 6 7
a 6 5 7
a 6 7 8
a 7 6 8
a 7 8 8
a 8 7 8
a 8 9 3
a 9 8 3
a 9 10 1
a 10 9 1
a 10 11 2
a 11 10 2
a 11 12 3
a 12 11 3
a 12 13 6
a 13 12 6
a 13 14 7
a 14 13 7
a 14 15 2
a 15 14 2
a 15 16 8
a 16 15 8
a 16 17 9
a 17 16 9
a 17 18 4
a 18 17 4
a 18 19 8
a 19 18 8
a 19 20 6
a 20 19 6
a 20 21 5
a 21 20 5
a 21 22 3
a 22 21 3
a 22 23 4
a 23 22 4
a 23 24 4
a 24 23 4
a 24 25 10
a 25 24 10
a 25 26 3
a 26 25 3
a 26 27 7
a 27 26 7
a 27 28 4
a 28 27 4
a 28 29 5
a 29 28 5
a 29 30 2
a 30 29 2
a 30 31 3
a 31 30 3
a 31 32 2
a 32 31 2
a 32 33 5
a 33 32 5
a 33 34 1
a 34 33 1
a 34 35 6
a 35 34 6
a 35 36 3
a 36 35 3
a 36 37 6
a 37 36 6
a 37 38 10
a 38 37 10
a 37 353 6
a 353 37 6
a 38 39 1
a 39 38 1
a 39 40 1
a 40 39 1
a 40 41 3
a 41 40 3
a 41 42 9
a 42 41 9
a 42 43 3
a 43 42 3
a 43 44 2
a 44 43 2
a 44 45 1
a 45 44 1
a 45 46 5
a 46 45 5
a 46 47 5
a 47 46 5
a 47 48 1
a 48 47 1
a 48 49 2
a 49 48 2
a 49 50 2
a 50 49 2
a 50 51 7
a 51 50 7
a 51 52 5
a 52 51 5
a 52 53 1
a 53 52 1
a 53 54 8
a 54 53 8
a 54 55 3
a 55 54 3
a 55 56 7
a 56 55 7
a 56 57 4
a 57 56 4
a 57 58 10
a 58 57 10
a 58 59 2
a 59 58 2
a 59 60 3
a 60 59 3
a 60 61 1
a 61 60 1
a 61 62 5
a 62 61 5
a 62 63 5
a 63 62 5
a 63 64 2
a 64 63 2
a 64 65 6
a 65 64 6
a 65 66 6
a 66 65 6
a 66 67 5
a 67 66 5
a 67 68 8
a 68 67 8
a 68 69 8
a 69 68 8
a 69 70 6
a 70 69 6
a 70 71 1
a 71 70 1
a 71 72 8
a 72 71 8
a 72 73 2
a 73 72 2
a 73 74 8
a 74 73 8
a 74 75 2
a 75 74 2
a 75 76 8
a 76 75 8
a 76 77 9
a 77 76 9
a 77 78 6
a 78 77 6
a 78 79 3
a 79 78 3
a 79 80 7
a 80 79 7
a 80 81 2
a 81 80 2
a 81 82 5
a 82 81 5
a 82 83 9
a 83 82 9
a 83 84 4
a 84 83 4
a 84 85 5
a 85 84 5
a 85 86 1
a 86 85 1
a 86 87 3
a 87 86 3
a 87 88 10
a 88 87 10
a 88 89 6
a 89 88 6
a 89 90 9
a 90 89 9
a 90 91 1
a 91 90 1
a 91 92 8
a 92 91 8
a 92 93 10
a 93 92 10
a 93 94 5
a 94 93 5
a 94 95 4
a 95 94 4
a 95 96 1
a 96 95 1
a 96 97 3
a 97 96 3
a 97 98 7
a 98 97 7
a 98 99 10
a 99 98 10
a 99 100 2
a 100 99 2
a 100 101 4
a 101 100 4
a 101 102 3
a 102 101 3
a 102 103 3
a 103 102 3
a 103 104 1
a 104 103 1
a 104 105 9
a 105 104 9
a 105 106 1
a 106 105 1
a 106 107 1
a 107 106 1
a 107 108 2
a 108 107 2
a 108 109 2
a 109 108 2
a 109 110 3
a 110 109 3
a 110 111 7
a 111 110 7
a 111 112 2
a 112 111 2
a 112 113 3
a 113 112 3
a 113 114 10
a 114 113 10
a 114 115 2
a 115 114 2
a 115 116 6
a 116 115 6
a 116 117 10
a 117 116 10
a 117 118 9
a 118 117 9
a 118 119 4
a 119 118 4
a 119 120 3
a 120 119 3
a 120 121 9
a 121 120 9
a 121 122 4
a 122 121 4
a 122 123 4
a 123 122 4
a 123 124 9
a 124 123 9
a 124 125 6
a 125 124 6
a 125 126 5
a 126 125 5
a 126 127 5
a 127 126 5
a 127 128 1
a 128 127 1
a 128 129 4
a 129 128 4
a 129 130 1
a 130 129 1
a 130 131 2
a 131 130 2
a 131 132 8
a 132 131 8
a 132 133 6
a 133 132 6
a 133 134 8
a 134 133 8
a 134 135 9
a 135 134 9
a 135 136 4
a 136 135 4
a 136 137 3
a 137 136 3
a 137 138 10
a 138 137 10
a 138 139 4
a 139 138 4
a 139 140 7
a 140 139 7
a 140 141 5
a 141 140 5
a 141 142 3
a 142 141 3
a 142 143 6
a 143 142 6
a 143 144 2
a 144 143 2
a 144 145 9
a 145 144 9
a 145 146 10
a 146 145 10
a 146 147 9
a 147 146 9
a 147 148 7
a 148 147 7
a 148 149 2
a 149 148 2
a 149 150 4
a 150 149 4
a 150 151 2
a 151 150 2
a 151 152 6
a 152 151 6
a 152 153 5
a 153 152 5
a 153 154 7
a 154 153 7
a 154 155 5
a 155 154 5
a 155 156 5
a 156 155 5
a 156 157 9
a 157 156 9
a 157 158 6
a 158 157 6
a 158 159 6
a 159 158 6
a 159 160 2
a 160 159 2
a 160 161 7
a 161 160 7
a 161 162 3
a 162 161 3
a 162 163 1
a 163 162 1
a 163 164 10
a 164 163 10
a 164 165 4
a 165 164 4
a 165 166 5
a 166 165 5
a 166 167 3
a 167 166 3
a 167 168 8
a 168 167 8
a 168 169 1
a 169 168 1
a 169 170 10
a 170 169 10
a 170 171 2
a 171 170 2
a 171 172 7
a 172 171 7
a 172 173 5
a 173 172 5
a 173 174 3
a 174 173 3
a 174 175 9
a 175 174 9
a 175 176 1
a 176 175 1
a 176 177 2
a 177 176 2
a 177 178 1
a 178 177 1
a 178 179 2
a 179 178 2
a 179 180 8
a 180 179 8
a 180 181 8
a 181 180 8
a 181 182 4
a 182 181 4
a 182 183 8
a 183 182 8
a 183 184 8
a 184 183 8
a 184 185 2
a 185 184 2
a 185 186 10
a 186 185 10
a 186 187 1
a 187 186 1
a 187 188 9
a 188 187 9
a 188 189 5
a 189 188 5
a 189 190 10
a 190 189 10
a 190 191 3
a 191 190 3
a 191 192 7
a 192 191 7
a 192 193 8
a 193 192 8
a 193 194 7
a 194 193 7
a 194 195 9
a 195 194 9
a 195 196 6
a 196 195 6
a 196 197 2
a 197 196 2
a 197 198 6
a 198 197 6
a 198 199 3
a 199 198 3
a 199 200 4
a 200 199 4
a 200 201 4
a 201 200 4
a 201 202 8
a 202 201 8
a 202 203 5
a 203 202 5
a 203 204 8
a 204 203 8
a 204 205 10
a 205 204 10
a 205 206 9
a 206 205 9
a 206 207 3
a 207 206 3
a 207 208 7
a 208 207 7
a 208 209 2
a 209 208 2
a 209 210 5
a 210 209 5
a 210 211 6
a 211 210 6
a 211 212 4
a 212 211 4
a 212 213 5
a 213 212 5
a 213 214 10
a 214 213 10
a 214 215 8
a 215 214 8
a 215 216 5
a 216 215 5
a 216 217 8
a 217 216 8
a 217 218 9
a 218 217 9
a 218 219 9
a 219 218 9
a 219 220 2
a 220 219 2
a 220 221 10
a 221 220 10
a 221 222 1
a 222 221 1
a 222 223 9
a 223 222 9
a 223 224 5
a 224 223 5
a 224 225 10
a 225 224 10
a 225 226 2
a 226 225 2
a 226 227 10
a 227 226 10
a 227 228 1
a 228 227 1
a 228 229 2
a 229 228 2
a 229 230 9
a 230 229 9
a 230 231 7
a 231 230 7
a 231 232 1
a 232 231 1
a 232 233 4
a 233 232 4
a 233 234 9
a 234 233 9
a 234 235 3
a 235 234 3
a 235 236 8
a 236 235 8
a 236 237 4
a 237 236 4
a 237 238 9
a 238 237 9
a 238 239 1
a 239 238 1
a 239 240 2
a 240 239 2
a 240 241 8
a 241 240 8
a 241 242 9
a 242 241 9
a 242 243 8
a 243 242 8
a 243 244 8
a 244 243 8
a 244 245 2
a 245 244 2
a 245 246 6
a 246 245 6
a 246 247 7
a 247 246 7
a 247 248 10
a 248 247 10
a 248 249 10
a 249 248 10
a 249 250 5
a 250 249 5
a 250 251 7
a 251 250 7
a 251 252 8
a 252 251 8
a 252 253 4
a 253 252 4
a 253 254 7
a 254 253 7
a 254 255 6
a 255 254 6
a 255 256 7
a 256 255 7
a 256 257 9
a 257 256 9
a 257 258 3
a 258 257 3
a 258 259 9
a 259 258 9
a 259 260 2
a 260 259 2
a 260 261 1
a 261 260 1
a 261 262 1
a 262 261 1
a 262 263 3
a 263 262 3
a 263 264 7
a 264 263 7
a 264 265 8
a 265 264 8
a 265 266 6
a 266 265 6
a 266 267 9
a 267 266 9
a 267 268 3
a 268 267 3
a 268 269 4
a 269 268 4
a 269 270 5
a 270 269 5
a 270 271 1
a 271 270 1
a 271 272 7
a 272 271 7
a 272 273 5
a 273 272 5
a 273 274 10
a 274 273 10
a 274 275 8
a 275 274 8
a 275 276 1
a 276 275 1
a 276 277 5
a 277 276 5
a 277 278 10
a 278 277 10
a 278 279 10
a 279 278 10
a 279 280 8
a 280 279 8
a 280 281 3
a 281 280 3
a 281 282 7
a 282 281 7
a 282 283 10
a 283 282 10
a 283 284 4
a 284 283 4
a 284 285 8
a 285 284 8
a 285 286 5
a 286 285 5
a 286 287 5
a 287 286 5
a 287 288 3
a 288 287 3
a 288 289 6
a 289 288 6
a 289 290 1
a 290 289 1
a 290 291 9
a 291 290 9
a 291 292 8
a 292 291 8
a 292 293 7
a 293 292 7
a 293 294 9
a 294 293 9
a 294 295 7
a 295 294 7
a 295 296 1
a 296 295 1
a 296 297 5
a 297 296 5
a 297 298 5
a 298 297 5
a 298 299 6
a 299 298 6
a 299 300 4
a 300 299 4
a 300 301 3
a 301 300 3
a 301 302 2
a 302 301 2
a 302 303 1
a 303 302 1
a 303 304 5
a 304 303 5
a 304 305 10
a 305 304 10
a 305 306 6
a 306 305 6
a 306 307 2
a 307 306 2
a 307 308 7
a 308 307 7
a 308 309 4
a 309 308 4
a 309 310 8
a 310 309 8
a 310 311 2
a 311 310 2
a 311 312 5
a 312 311 5
a 312 313 6
a 313 312 6
a 313 314 3
a 314 313 3
a 314 315 4
a 315 314 4
a 315 316 6
a 316 315 6
a 316 317 1
a 317 316 1
a 317 318 4
a 318 317 4
a 318 319 6
a 319 318 6
a 319 320 8
a 320 319 8
a 320 321 6
a 321 320 6
a 321 322 8
a 322 321 8
a 322 323 10
a 323 322 10
a 323 324 5
a 324 323 5
a 324 325 4
a 325 324 4
a 325 326 8
a 326 325 8
a 326 327 9
a 327 326 9
a 327 328 6
a 328 327 6
a 328 329 5
a 329 328 5
a 329 330 2
a 330 329 2
a 330 331 6
a 331 330 6
a 331 332 7
a 332 331 7
a 332 333 6
a 333 332 6
a 333 334 1
a 334 333 1
a 334 335 4
a 335 334 4
a 335 336 8
a 336 335 8
a 336 337 3
a 337 336 3
a 337 338 9
a 338 337 9
a 338 339 9
a 339 338 9
a 339 340 10
a 340 339 10
a 340 341 4
a 341 340 4
a 341 342 4
a 342 341 4
a 342 343 8
a 343 342 8
a 343 344 2
a 344 343 2
a 344 345 1
a 345 344 1
a 345 346 5
a 346 345 5
a 346 347 8
a 347 346 8
a 347 348 5
a 348 347 5
a 348 349 7
a 349 348 7
a 349 350 1
a 350 349 1
a 350 351 2
a 351 350 2
a 351 352 2
a 352 351 2
a 352 353 1
a 353 352 1
a 353 354 2
a 354 353 2
a 354 355 7
a 355 354 7
a 355 356 6
a 356 355 6
a 356 357 4
a 357 356 4
a 357 358 1
a 358 357 1
a 358 359 1
a 359 358 1
a 359 360 6
a 360 359 6
a 360 361 1
a 361 360 1
a 361 362 10
a 362 361 10
a 362 363 5
a 363 362 5
a 363 364 7
a 364 363 7
a 364 365 9
a 365 364 9
a 365 366 8
a 366 365 8
a 366 367 6
a 367 366 6
a 367 368 3
a 368 367 3
a 368 369 10
a 369 368 10
a 369 370 9
a 370 369 9
a 370 371 8
a 371 370 8
a 371 372 2
a 372 371 2
a 372 373 9
a 373 372 9
a 373 374 8
a 374 373 8
a 374 375 3
a 375 374 3
a 375 376 2
a 376 375 2
a 376 377 2
a 377 376 2
a 377 378 2
a 378 377 2
a 378 379 9
a 379 378 9
a 379 380 5
a 380 379 5
a 380 381 7
a 381 380 7
a 381 382 10
a 382 381 10
a 382 383 1
a 383 382 1
a 383 384 3
a 384 383 3
a 384 385 7
a 385 384 7
a 385 386 4
a 386 385 4
a 386 387 5
a 387 386 5
a 387 388 4
a 388 387 4
a 388 389 6
a 389 388 6
a 389 390 8
a 390 389 8
a 390 391 7
a 391 390 7
a 391 392 9
a 392 391 9
a 392 393 4
a 393 392 4
a 393 394 5
a 394 393 5
a 394 395 1
a 395 394 1
a 395 396 6
a 396 395 6
a 396 397 10
a 397 396 10
a 397 398 9
a 398 397 9
a 398 399 3
a 399 398 3
a 399 400 6
a 400 399 6
a 400 401 10
a 401 400 10
a 401 402 2
a 402 401 2
a 402 403 2
a 403 402 2
a 403 404 6
a 404 403 6
a 404 405 9
a 405 404 9
a 405 406 5
a 406 405 5
a 406 407 3
a 407 406 3
a 407 408 2
a 408 407 2
a 408 409 8
a 409 408 8
a 409 410 5
a 410 409 5
a 410 411 5
a 411 410 5
a 411 412 2
a 412 411 2
a 412 413 4
a 413 412 4
a 413 414 3
a 414 413 3
a 414 415 2
a 415 414 2
a 415 416 1
a 416 415 1
a 416 417 2
a 417 416 2
a 417 418 5
a 418 417 5
a 418 419 4
a 419 418 4
a 419 420 2
a 420 419 2
a 420 421 10
a 421 420 10
a 421 422 9
a 422 421 9
a 422 423 3
a 423 422 3
a 423 424 1
a 424 423 1
a 424 425 10
a 425 424 10
a 425 426 9
a 426 425 9
a 426 427 3
a 427 426 3
a 427 428 8
a 428 427 8
a 428 429 2
a 429 428 2
a 429 430 10
a 430 429 10
a 430 431 4
a 431 430 4
a 431 432 5
a 432 431 5
a 432 433 1
a 433 432 1
a 433 434 4
a 434 433 4
a 434 435 10
a 435 434 10
a 435 436 5
a 436 435 5
a 436 437 5
a 437 436 5
a 437 438 2
a 438 437 2
a 438 439 8
a 439 438 8
a 439 440 1
a 440 439 1
a 440 441 6
a 441 440 6
a 441 442 9
a 442 441 9
a 442 443 3
a 443 442 3
a 443 444 7
a 444 443 7
a 444 445 1
a 445 444 1
a 445 446 9
a 446 445 9
a 446 447 7
a 447 446 7
a 447 448 7
a 448 447 7
a 448 449 2
a 449 448 2
a 449 450 4
a 450 449 4
a 450 451 2
a 451 450 2
a 451 452 1
a 452 451 1
a 452 453 7
a 453 452 7
a 453 454 8
a 454 453 8
a 454 455 5
a 455 454 5
a 455 456 5
a 456 455 5
a 456 457 9
a 457 456 9
a 457 458 6
a 458 457 6
a 458 459 2
a 459 458 2
a 459 460 8
a 460 459 8
a 460 461 8
a 461 460 8
a 461 462 10
a 462 461 10
a 462 463 5
a 463 462 5
a 463 464 9
a 464 463 9
a 464 465 8
a 465 464 8
a 465 466 5
a 466 465 5
a 466 467 8
a 467 466 8
a 467 468 8
a 468 467 8
a 468 469 3
a 469 468 3
a 469 470 4
a 470 469 4
a 470 471 2
a 471 470 2
a 471 472 10
a 472 471 10
a 472 473 6
a 473 472 6
a 473 474 10
a 474 473 10
a 474 475 7
a 475 474 7
a 475 476 10
a 476 475 10
a 476 477 8
a 477 476 8
a 477 478 7
a 478 477 7
a 478 479 2
a 479 478 2
a 479 480 6
a 480 479 6
a 480 481 9
a 481 480 9
a 481 482 7
a 482 481 7
a 482 483 5
a 483 482 5
a 483 484 1
a 484 483 1
a 484 485 3
a 485 484 3
a 485 486 3
a 486 485 3
a 486 487 8
a 487 486 8
a 487 488 5
a 488 487 5
a 488 489 6
a 489 488 6
a 489 490 10
a 490 489 10
a 490 491 5
a 491 490 5
a 491 492 3
a 492 491 3
a 492 493 9
a 493 492 9
a 493 494 6
a 494 493 6
a 494 495 2
a 495 494 2
a 495 496 8
a 496 495 8
a 496 497 1
a 497 496 1
a 497 498 2
a 498 497 2
a 498 499 1
a 499 498 1
a 499 500 2
a 500 499 2
a 500 501 3
a 501 500 3
a 501 502 7
a 502 501 7
a 502 503 3
a 503 502 3
a 503 504 8
a 504 503 8
a 504 505 3
a 505 504 3
a 505 506 8
a 506 505 8
a 506 507 6
a 507 506 6
a 507 508 3
a 508 507 3
a 508 509 9
a 509 508 9
a 509 510 10
a 510 509 10
a 510 511 9
a 511 510 9
a 511 512 5
a 512 511 5
a 512 513 10
a 513 512 10
a 513 514 2
a 514 513 2
a 514 515 3
a 515 514 3
a 515 516 4
a 516 515 4
a 516 517 5
a 517 516 5
a 517 518 6
a 518 517 6
a 518 519 5
a 519 518 5
a 519 520 10
a 520 519 10
a 520 521 1
a 521 520 1
a 521 522 9
a 522 521 9
a 522 523 2
a 523 522 2
a 523 524 9
a 524 523 9
a 524 525 9
a 525 524 9
a 525 526 1
a 526 525 1
a 526 527 10
a 527 526 10
a 527 528 8
a 528 527 8
a 528 529 6
a 529 528 6
a 529 530 3
a 530 529 3
a 530 531 7
a 531 530 7
a 531 532 6
a 532 531 6
a 532 533 5
a 533 532 5
a 533 534 10
a 534 533 10
a 534 535 8
a 535 534 8
a 535 536 5
a 536 535 5
a 536 537 7
a 537 536 7
a 537 538 9
a 538 537 9
a 538 539 4
a 539 538 4
a 539 540 6
a 540 539 6
a 540 541 2
a 541 540 2
a 541 542 10
a 542 541 10
a 542 543 9
a 543 542 9
a 543 544 2
a 544 543 2
a 544 545 6
a 545 544 6
a 545 546 6
a 546 545 6
a 546 547 9
a 547 546 9
a 547 548 3
a 548 547 3
a 548 549 9
a 549 548 9
a 549 550 8
a 550 549 8
a 550 551 6
a 551 550 6
a 551 552 4
a 552 551 4
a 552 553 1
a 553 552 1
a 553 554 3
a 554 553 3
a 554 555 3
a 555 554 3
a 555 556 10
a 556 555 10
a 556 557 4
a 557 556 4
a 557 558 10
a 558 557 10
a 558 559 7
a 559 558 7
a 559 560 7
a 560 559 7
a 560 561 8
a 561 560 8
a 561 562 3
a 562 561 3
a 562 563 4
a 563 562 4
a 563 564 7
a 564 563 7
a 564 565 7
a 565 564 7
a 565 566 10
a 566 565 10
a 566 567 2
a 567 566 2
a 567 568 6
a 568 567 6
a 568 569 1
a 569 568 1
a 569 570 2
a 570 569 2
a 570 571 8
a 571 570 8
a 571 572 5
a 572 571 5
a 572 573 10
a 573 572 10
a 573 574 6
a 574 573 6
a 574 575 1
a 575 574 1
a 575 576 4
a 576 575 4
a 576 577 9
a 577 576 9
a 577 578 7
a 578 577 7
a 578 579 1
a 579 578 1
a 579 580 4
a 580 579 4
a 580 581 4
a 581 580 4
a 581 582 2
a 582 581 2
a 582 583 8
a 583 582 8
a 583 584 7
a 584 583 7
a 584 585 9
a 585 584 9
a 585 586 2
a 586 585 2
a 586 587 6
a 587 586 6
a 587 588 7
a 588 587 7
a 588 589 3
a 589 588 3
a 589 590 4
a 590 589 4
a 590 591 2
a 591 590 2
a 591 592 3
a 592 591 3
a 592 593 4
a 593 592 4
a 593 594 5
a 594 593 5
a 594 595 4
a 595 594 4
a 595 596 3
a 596 595 3
a 596 597 1
a 597 596 1
a 597 598 7
a 598 597 7
a 598 599 4
a 599 598 4
a 599 600 1
a 600 599 1
a 600 601 5
a 601 600 5
a 601 602 10
a 602 601 10
a 602 603 10
a 603 602 10
a 603 604 1
a 604 603 1
a 604 605 10
a 605 604 10
a 605 606 10
a 606 605 10
a 606 607 1
a 607 606 1
a 607 608 8
a 608 607 8
a 608 609 8
a 609 608 8
a 609 610 10
a 610 609 10
a 610 611 5
a 611 610 5
a 611 612 5
a 612 611 5
a 612 613 8
a 613 612 8
a 613 614 2
a 614 613 2
a 614 615 9
a 615 614 9
a 615 616 5
a 616 615 5
a 616 617 7
a 617 616 7
a 617 618 4
a 618 617 4
a 618 619 6
a 619 618 6
a 619 620 6
a 620 619 6
a 620 621 7
a 621 620 7
a 621 622 10
a 622 621 10
a 622 623 5
a 623 622 5
a 623 624 4
a 624 623 4
a 624 625 7
a 625 624 7
a 625 626 3
a 626 625 3
a 626 627 5
a 627 626 5
a 627 628 6
a 628 627 6
a 628 629 5
a 629 628 5
a 629 630 2
a 630 629 2
a 630 631 6
a 631 630 6
a 631 632 7
a 632 631 7
a 632 633 6
a 633 632 6
a 633 634 7
a 634 633 7
a 634 635 8
a 635 634 8
a 635 636 3
a 636 635 3
a 636 637 2
a 637 636 2
a 637 638 6
a 638 637 6
a 638 639 10
a 639 638 10
a 639 640 2
a 640 639 2
a 640 641 4
a 641 640 4
a 641 642 7
a 642 641 7
a 642 643 10
a 643 642 10
a 643 644 5
a 644 643 5
a 644 645 9
a 645 644 9
a 645 646 2
a 646 645 2
a 646 647 6
a 647 646 6
a 647 648 4
a 648 647 4
a 648 649 1
a 649 648 1
a 649 650 2
a 650 649 2
a 650 651 1
a 651 650 1
a 651 652 3
a 652 651 3
a 652 653 8
a 653 652 8
a 653 654 6
a 654 653 6
a 654 655 9
a 655 654 9
a 655 656 10
a 656 655 10
a 656 657 9
a 657 656 9
a 657 658 4
a 658 657 4
a 658 659 3
a 659 658 3
a 659 660 1
a 660 659 1
a 660 661 10
a 661 660 10
a 661 662 5
a 662 661 5
a 662 663 6
a 663 662 6
a 663 664 8
a 664 663 8
a 664 665 6
a 665 664 6
a 665 666 10
a 666 665 10
a 666 667 5
a 667 666 5
a 667 668 4
a 668 667 4
a 668 669 7
a 669 668 7
a 669 670 6
a 670 669 6
a 670 671 6
a 671 670 6
a 671 672 1
a 672 671 1
a 672 673 1
a 673 672 1
a 673 674 7
a 674 673 7
a 674 675 10
a 675 674 10
a 675 676 6
a 676 675 6
a 676 677 7
a 677 676 7
a 677 678 6
a 678 677 6
a 678 679 3
a 679 678 3
a 679 680 5
a 680 679 5
a 680 681 1
a 681 680 1
a 681 682 5
a 682 681 5
a 682 683 3
a 683 682 3
a 683 684 9
a 684 683 9
a 684 685 1
a 685 684 1
a 685 686 9
a 686 685 9
a 686 687 2
a 687 686 2
a 687 688 4
a 688 687 4
a 688 689 7
a 689 688 7
a 689 690 2
a 690 689 2
a 690 691 2
a 691 690 2
a 691 692 7
a 692 691 7
a 692 693 5
a 693 692 5
a 693 694 9
a 694 693 9
a 694 695 10
a 695 694 10
a 695 696 1
a 696 695 1
a 696 697 3
a 697 696 3
a 697 698 10
a 698 697 10
a 698 699 6
a 699 698 6
a 699 700 6
a 700 699 6
a 700 701 10
a 701 700 10
a 701 702 4
a 702 701 4
a 702 703 2
a 703 702 2
a 703 704 6
a 704 703 6
a 704 705 9
a 705 704 9
a 705 706 7
a 706 705 7
a 706 707 2
a 707 706 2
a 707 708 9
a 708 707 9
a 708 709 1
a 709 708 1
a 709 710 10
a 710 709 10
a 710 711 2
a 711 710 2
a 711 712 10
a 712 711 10
a 712 713 3
a 713 712 3
a 713 714 10
a 714 713 10
a 714 715 2
a 715 714 2
a 715 716 10
a 716 715 10
a 716 717 8
a 717 716 8
a 717 718 2
a 718 717 2
a 718 719 8
a 719 718 8
a 719 720 5
a 720 719 5
a 720 721 3
a 721 720 3
a 721 722 6
a 722 721 6
a 722 723 2
a 723 722 2
a 723 724 4
a 724 723 4
a 724 725 1
a 725 724 1
a 725 726 8
a 726 725 8
a 726 727 9
a 727 726 9
a 727 728 6
a 728 727 6
a 728 729 2
a 729 728 2
a 729 730 6
a 730 729 6
a 730 731 8
a 731 730 8
a 731 732 10
a 732 731 10
a 732 733 1
a 733 732 1
a 733 734 9
a 734 733 9
a 734 735 5
a 735 734 5
a 735 736 10
a 736 735 10
a 736 737 1
a 737 736 1
a 737 738 7
a 738 737 7
a 738 739 6
a 739 738 6
a 739 740 6
a 740 739 6
a 740 741 4
a 741 740 4
a 741 742 7
a 742 741 7
a 742 743 5
a 743 742 5
a 743 744 2
a 744 743 2
a 744 745 8
a 745 744 8
a 745 746 10
a 746 745 10
a 746 747 3
a 747 746 3
a 747 748 3
a 748 747 3
a 748 749 5
a 749 748 5
a 749 750 1
a 750 749 1
a 750 751 1
a 751 750 1
a 751 752 2
a 752 751 2
a 752 753 1
a 753 752 1
a 753 754 8
a 754 753 8
a 754 755 3
a 755 754 3
a 755 756 9
a 756 755 9
a 756 757 1
a 757 756 1
a 757 758 2
a 758 757 2
a 758 759 6
a 759 758 6
a 759 760 3
a 760 759 3
a 760 761 9
a 761 760 9
a 761 762 10
a 762 761 10
a 762 763 2
a 763 762 2
a 763 764 2
a 764 763 2
a 764 765 6
a 765 764 6
a 765 766 5
a 766 765 5
a 766 767 2
a 767 766 2
a 767 768 1
a 768 767 1
a 768 769 7
a 769 768 7
a 769 770 8
a 770 769 8
a 770 771 1
a 771 770 1
a 771 772 8
a 772 771 8
a 772 773 9
a 773 772 9
a 773 774 1
a 774 773 1
a 774 775 9
a 775 774 9
a 775 776 6
a 776 775 6
a 776 777 2
a 777 776 2
a 777 778 10
a 778 777 10
a 778 779 6
a 779 778 6
a 779 780 5
a 780 779 5
a 780 781 8
a 781 780 8
a 781 782 7
a 782 781 7
a 782 783 10
a 783 782 10
a 783 784 5
a 784 783 5
a 784 785 10
a 785 784 10
a 785 786 8
a 786 785 8
a 786 787 1
a 787 786 1
a 787 788 9
a 788 787 9
a 788 789 10
a 789 788 10
a 789 790 7
a 790 789 7
a 790 791 1
a 791 790 1
a 791 792 4
a 792 791 4
a 792 793 1
a 793 792 1
a 793 794 1
a 794 793 1
a 794 795 10
a 795 794 10
a 795 796 8
a 796 795 8
a 796 797 4
a 797 796 4
a 797 798 9
a 798 797 9
a 798 799 6
a 799 798 6
a 799 800 4
a 800 799 4
a 800 801 9
a 801 800 9
a 801 802 8
a 802 801 8
a 802 803 9
a 803 802 9
a 803 804 10
a 804 803 10
a 804 805 9
a 805 804 9
a 805 806 10
a 806 805 10
a 806 807 5
a 807 806 5
a 807 808 7
a 808 807 7
a 808 809 3
a 809 808 3
a 809 810 5
a 810 809 5
a 810 811 3
a 811 810 3
a 811 812 9
a 812 811 9
a 812 813 5
a 813 812 5
a 813 814 7
a 814 813 7
a 814 815 6
a 815 814 6
a 815 816 2
a 816 815 2
a 816 817 9
a 817 816 9
a 817 818 8
a 818 817 8
a 818 819 10
a 819 818 10
a 819 820 9
a 820 819 9
a 820 821 2
a 821 820 2
a 821 822 9
a 822 821 9
a 822 823 9
a 823 822 9
a 823 824 8
a 824 823 8
a 824 825 8
a 825 824 8
a 825 826 8
a 826 825 8
a 826 827 8
a 827 826 8
a 827 828 7
a 828 827 7
a 828 829 5
a 829 828 5
a 829 830 2
a 830 829 2
a 830 831 5
a 831 830 5
a 831 832 3
a 832 831 3
a 832 833 6
a 833 832 6
a 833 834 3
a 834 833 3
a 834 835 7
a 835 834 7
a 835 836 7
a 836 835 7
a 836 837 5
a 837 836 5
a 837 838 4
a 838 837 4
a 838 839 8
a 839 838 8
a 839 840 10
a 840 839 10
a 840 841 9
a 841 840 9
a 841 842 9
a 842 841 9
a 842 843 8
a 843 842 8
a 843 844 4
a 844 843 4
a 844 845 5
a 845 844 5
a 845 846 6
a 846 845 6
a 846 847 4
a 847 846 4
a 847 848 4
a 848 847 4
a 848 849 6
a 849 848 6
a 849 850 3
a 850 849 3
a 850 851 9
a 851 850 9
a 851 852 5
a 852 851 5
a 852 853 9
a 853 852 9
a 853 854 9
a 854 853 9
a 854 855 4
a 855 854 4
a 855 856 9
a 856 855 9
a 856 857 3
a 857 856 3
a 857 858 2
a 858 857 2
a 858 859 10
a 859 858 10
a 859 860 10
a 860 859 10
a 860 861 4
a 861 860 4
a 861 862 4
a 862 861 4
a 862 863 8
a 863 862 8
a 863 864 10
a 864 863 10
a 864 865 5
a 865 864 5
a 865 866 8
a 866 865 8
a 866 867 3
a 867 866 3
a 867 868 3
a 868 867 3
a 868 869 9
a 869 868 9
a 869 870 4
a 870 869 4
a 870 871 10
a 871 870 10
a 871 872 8
a 872 871 8
a 872 873 10
a 873 872 10
a 873 874 1
a 874 873 1
a 874 875 9
a 875 874 9
a 875 876 3
a 876 875 3
a 876 877 7
a 877 876 7
a 877 878 7
a 878 877 7
a 878 879 4
a 879 878 4
a 879 880 10
a 880 879 10
a 880 881 4
a 881 880 4
a 881 882 7
a 882 881 7
a 882 883 2
a 883 882 2
a 883 884 5
a 884 883 5
a 884 885 9
a 885 884 9
a 885 886 10
a 886 885 10
a 886 887 2
a 887 886 2
a 887 888 5
a 888 887 5
a 888 889 6
a 889 888 6
a 889 890 8
a 890 889 8
a 890 891 6
a 891 890 6
a 891 892 6
a 892 891 6
a 892 893 5
a 893 892 5
a 893 894 3
a 894 893 3
a 894 895 6
a 895 894 6
a 895 896 4
a 896 895 4
a 896 897 8
a 897 896 8
a 897 898 6
a 898 897 6
a 898 899 10
a 899 898 10
a 899 900 2
a 900 899 2
a 900 901 2
a 901 900 2
a 901 902 7
a 902 901 7
a 902 903 8
a 903 902 8
a 903 904 8
a 904 903 8
a 904 905 9
a 905 904 9
a 905 906 1
a 906 905 1
a 906 907 3
a 907 906 3
a 907 908 3
a 908 907 3
a 908 909 2
a 909 908 2
a 909 910 5
a 910 909 5
a 910 911 5
a 911 910 5
a 911 912 3
a 912 911 3
a 912 913 8
a 913 912 8
a 913 914 7
a 914 913 7
a 914 915 6
a 915 914 6
a 915 916 3
a 916 915 3
a 916 917 5
a 917 916 5
a 917 918 6
a 918 917 6
a 918 919 2
a 919 918 2
a 919 920 10
a 920 919 10
a 920 921 4
a 921 920 4
a 921 922 2
a 922 921 2
a 922 923 2
a 923 922 2
a 923 924 10
a 924 923 10
a 924 925 9
a 925 924 9
a 925 926 3
a 926 925 3
a 926 927 7
a 927 926 7
a 927 928 3
a 928 927 3
a 928 929 9
a 929 928 9
a 929 930 4
a 930 929 4
a 930 931 8
a 931 930 8
a 931 932 4
a 932 931 4
a 932 933 6
a 933 932 6
a 933 934 3
a 934 933 3
a 934 935 5
a 935 934 5
a 935 936 1
a 936 935 1
a 936 937 6
a 937 936 6
a 937 938 9
a 938 937 9
a 938 939 2
a 939 938 2
a 939 940 2
a 940 939 2
a 940 941 6
a 941 940 6
a 941 942 6
a 942 941 6
a 942 943 9
a 943 942 9
a 943 944 8
a 944 943 8
a 944 945 9
a 945 944 9
a 945 946 4
a 946 945 4
a 946 947 9
a 947 946 9
a 947 948 2
a 948 947 2
a 948 949 3
a 949 948 3
a 949 950 3
a 950 949 3
a 950 951 9
a 951 950 9
a 951 952 1
a 952 951 1
a 952 953 6
a 953 952 6
a 953 954 3
a 954 953 3
a 954 955 10
a 955 954 10
a 955 956 1
a 956 955 1
a 956 957 9
a 957 956 9
a 957 958 8
a 958 957 8
a 958 959 8
a 959 958 8
a 959 960 1
a 960 959 1
a 960 961 9
a 961 960 9
a 961 962 6
a 962 961 6
a 962 963 1
a 963 962 1
a 963 964 6
a 964 963 6
a 964 965 7
a 965 964 7
a 965 966 3
a 966 965 3
a 966 967 9
a 967 966 9
a 967 968 7
a 968 967 7
a 968 969 8
a 969 968 8
a 969 970 9
a 970 969 9
a 970 971 1
a 971 970 1
a 971 972 5
a 972 971 5
a 972 973 10
a 973 972 10
a 973 974 4
a 974 973 4
a 974 975 5
a 975 974 5
a 975 976 4
a 976 975 4
a 976 977 7
a 977 976 7
a 977 978 9
a 978 977 9
a 978 979 8
a 979 978 8
a 979 980 3
a 980 979 3
a 980 981 9
a 981 980 9
a 981 982 3
a 982 981 3
a 982 983 4
a 983 982 4
a 983 984 8
a 984 983 8
a 984 985 8
a 985 984 8
a 985 986 3
a 986 985 3
a 986 987 3
a 987 986 3
a 987 988 4
a 988 987 4
a 988 989 4
a 989 988 4
a 989 990 9
a 990 989 9
a 990 991 9
a 991 990 9
a 991 992 3
a 992 991 3
a 992 993 8
a 993 992 8
a 993 994 6
a 994 993 6
a 994 995 9
a 995 994 9
a 995 996 6
a 996 995 6
a 996 997 10
a 997 996 10
a 997 998 7
a 998 997 7
a 998 999 7
a 999 998 7
a 999 1000 3
a 1000 999 3