1000 2000
a 1 2 8
a 2 1 8
a 2 3 10
a 3 2 10
a 3 4 10
a 4 3 10
a 4 5 7
a 5 4 7
a 5 6 7
a 6 5 7
a 6 7 2
a 7 6 2
a 7 8 2
a 8 7 2
a 8 9 5
a 9 8 5
a 9 10 2
a 10 9 2
a 10 11 4
a 11 10 4
a 11 12 5
a 12 11 5
a 12 13 10
a 13 12 10
a 13 14 6
a 14 13 6
a 14 15 4
a 15 14 4
a 15 16 3
a 16 15 3
a 16 17 8
a 17 16 8
a 17 18 9
a 18 17 9
a 18 19 3
a 19 18 3
a 19 20 5
a 20 19 5
a 20 21 5
a 21 20 5
a 21 22 5
a 22 21 5
a 22 23 8
a 23 22 8
a 23 24 1
a 24 23 1
a 24 25 6
a 25 24 6
a 25 26 5
a 26 25 5
a 26 27 10
a 27 26 10
a 27 28 6
a 28 27 6
a 28 29 8
a 29 28 8
a 29 30 2
a 30 29 2
a 30 31 6
a 31 30 6
a 31 32 8
a 32 31 8
a 32 33 4
a 33 32 4
a 33 34 6
a 34 33 6
a 34 35 9
a 35 34 9
a 35 36 4
a 36 35 4
a 36 37 1
a 37 36 1
a 37 38 2
a 38 37 2
a 38 39 1
a 39 38 1
a 39 40 6
a 40 39 6
a 40 41 10
a 41 40 10
a 41 42 7
a 42 41 7
a 42 43 6
a 43 42 6
a 43 44 1
a 44 43 1
a 44 45 4
a 45 44 4
a 45 46 2
a 46 45 2
a 46 47 2
a 47 46 2
a 47 48 10
a 48 47 10
a 48 49 5
a 49 48 5
a 49 50 5
a 50 49 5
a 50 51 6
a 51 50 6
a 51 52 4
a 52 51 4
a 52 53 4
a 53 52 4
a 53 54 5
a 54 53 5
a 54 55 3
a 55 54 3
a 55 56 7
a 56 55 7
a 56 57 4
a 57 56 4
a 57 58 1
a 58 57 1
a 58 59 2
a 59 58 2
a 59 60 3
a 60 59 3
a 60 61 8
a 61 60 8
a 61 62 1
a 62 61 1
a 62 63 5
a 63 62 5
a 63 64 10
a 64 63 10
a 64 65 1
a 65 64 1
a 65 66 3
a 66 65 3
a 66 67 8
a 67 66 8
a 67 68 1
a 68 67 1
a 68 69 3
a 69 68 3
a 69 70 8
a 70 69 8
a 70 71 9
a 71 70 9
a 71 72 7
a 72 71 7
a 72 73 8
a 73 72 8
a 73 74 3
a 74 73 3
a 74 75 8
a 75 74 8
a 75 76 3
a 76 75 3
a 76 77 8
a 77 76 8
a 77 78 6
a 78 77 6
a 78 79 9
a 79 78 9
a 79 80 4
a 80 79 4
a 80 81 6
a 81 80 6
a 81 82 6
a 82 81 6
a 82 83 1
a 83 82 1
a 83 84 2
a 84 83 2
a 84 85 4
a 85 84 4
a 85 86 8
a 86 85 8
a 86 87 7
a 87 86 7
a 87 88 2
a 88 87 2
a 88 89 8
a 89 88 8
a 89 90 5
a 90 89 5
a 90 91 5
a 91 90 5
a 91 92 1
a 92 91 1
a 92 93 3
a 93 92 3
a 93 94 7
a 94 93 7
a 94 95 3
a 95 94 3
a 95 96 6
a 96 95 6
a 96 97 1
a 97 96 1
a 97 98 10
a 98 97 10
a 98 99 1
a 99 98 1
a 99 100 3
a 100 99 3
a 100 101 9
a 101 100 9
a 101 102 9
a 102 101 9
a 102 103 2
a 103 102 2
a 103 104 7
a 104 103 7
a 104 105 8
a 105 104 8
a 105 106 5
a 106 105 5
a 106 107 10
a 107 106 10
a 107 108 6
a 108 107 6
a 108 109 5
a 109 108 5
a 109 110 10
a 110 109 10
a 110 111 6
a 111 110 6
a 111 112 5
a 112 111 5
a 112 113 10
a 113 112 10
a 113 114 1
a 114 113 1
a 114 115 6
a 115 114 6
a 115 116 7
a 116 115 7
a 116 117 10
a 117 116 10
a 117 118 9
a 118 117 9
a 118 119 2
a 119 118 2
a 119 120 3
a 120 119 3
a 120 121 1
a 121 120 1
a 121 122 4
a 122 121 4
a 122 123 9
a 123 122 9
a 123 124 2
a 124 123 2
a 124 125 8
a 125 124 8
a 125 126 4
a 126 125 4
a 126 127 3
a 127 126 3
a 127 128 1
a 128 127 1
a 128 129 6
a 129 128 6
a 129 130 3
a 130 129 3
a 130 131 3
a 131 130 3
a 131 132 2
a 132 131 2
a 132 133 2
a 133 132 2
a 133 134 4
a 134 133 4
a 134 135 3
a 135 134 3
a 135 136 5
a 136 135 5
a 136 137 6
a 137 136 6
a 137 138 5
a 138 137 5
a 138 139 5
a 139 138 5
a 139 140 3
a 140 139 3
a 140 141 6
a 141 140 6
a 141 142 9
a 142 141 9
a 142 143 7
a 143 142 7
a 143 144 5
a 144 143 5
a 144 145 7
a 145 144 7
a 145 146 9
a 146 145 9
a 146 147 10
a 147 146 10
a 147 148 2
a 148 147 2
a 148 149 7
a 149 148 7
a 149 150 9
a 150 149 9
a 150 151 6
a 151 150 6
a 151 152 7
a 152 151 7
a 152 153 2
a 153 152 2
a 153 154 5
a 154 153 5
a 154 155 9
a 155 154 9
a 155 156 8
a 156 155 8
a 156 157 10
a 157 156 10
a 157 158 3
a 158 157 3
a 158 159 10
a 159 158 10
a 159 160 2
a 160 159 2
a 160 161 3
a 161 160 3
a 161 162 3
a 162 161 3
a 162 163 8
a 163 162 8
a 163 164 1
a 164 163 1
a 164 165 7
a 165 164 7
a 165 166 8
a 166 165 8
a 166 167 7
a 167 166 7
a 167 168 10
a 168 167 10
a 168 169 9
a 169 168 9
a 169 170 9
a 170 169 9
a 170 171 9
a 171 170 9
a 171 172 4
a 172 171 4
a 172 173 2
a 173 172 2
a 173 174 6
a 174 173 6
a 174 175 6
a 175 174 6
a 175 176 3
a 176 175 3
a 175 700 2
a 700 175 2
a 176 177 3
a 177 176 3
a 177 178 3
a 178 177 3
a 178 179 1
a 179 178 1
a 179 180 6
a 180 179 6
a 180 181 3
a 181 180 3
a 181 182 1
a 182 181 1
a 182 183 10
a 183 182 10
a 183 184 5
a 184 183 5
a 184 185 9
a 185 184 9
a 185 186 6
a 186 185 6
a 186 187 2
a 187 186 2
a 187 188 10
a 188 187 10
a 188 189 3
a 189 188 3
a 189 190 9
a 190 189 9
a 190 191 2
a 191 190 2
a 191 192 7
a 192 191 7
a 192 193 3
a 193 192 3
a 193 194 6
a 194 193 6
a 194 195 9
a 195 194 9
a 195 196 1
a 196 195 1
a 196 197 3
a 197 196 3
a 197 198 3
a 198 197 3
a 198 199 9
a 199 198 9
a 199 200 5
a 200 199 5
a 200 201 7
a 201 200 7
a 201 202 8
a 202 201 8
a 202 203 1
a 203 202 1
a 203 204 2
a 204 203 2
a 204 205 3
a 205 204 3
a 205 206 5
a 206 205 5
a 206 207 7
a 207 206 7
a 207 208 10
a 208 207 10
a 208 209 6
a 209 208 6
a 209 210 3
a 210 209 3
a 210 211 6
a 211 210 6
a 211 212 3
a 212 211 3
a 212 213 5
a 213 212 5
a 213 214 8
a 214 213 8
a 214 215 3
a 215 214 3
a 215 216 10
a 216 215 10
a 216 217 9
a 217 216 9
a 217 218 2
a 218 217 2
a 218 219 9
a 219 218 9
a 219 220 3
a 220 219 3
a 220 221 2
a 221 220 2
a 221 222 1
a 222 221 1
a 222 223 9
a 223 222 9
a 223 224 10
a 224 223 10
a 224 225 4
a 225 224 4
a 225 226 8
a 226 225 8
a 226 227 3
a 227 226 3
a 227 228 3
a 228 227 3
a 228 229 10
a 229 228 10
a 229 230 6
a 230 229 6
a 230 231 8
a 231 230 8
a 231 232 8
a 232 231 8
a 232 233 1
a 233 232 1
a 233 234 6
a 234 233 6
a 234 235 3
a 235 234 3
a 235 236 10
a 236 235 10
a 236 237 9
a 237 236 9
a 237 238 1
a 238 237 1
a 238 239 5
a 239 238 5
a 239 240 10
a 240 239 10
a 240 241 7
a 241 240 7
a 241 242 9
a 242 241 9
a 242 243 5
a 243 242 5
a 243 244 3
a 244 243 3
a 244 245 1
a 245 244 1
a 245 246 1
a 246 245 1
a 246 247 6
a 247 246 6
a 247 248 9
a 248 247 9
a 248 249 3
a 249 248 3
a 249 250 7
a 250 249 7
a 250 251 4
a 251 250 4
a 251 252 6
a 252 251 6
a 252 253 4
a 253 252 4
a 253 254 4
a 254 253 4
a 254 255 1
a 255 254 1
a 255 256 3
a 256 255 3
a 256 257 4
a 257 256 4
a 257 258 7
a 258 257 7
a 258 259 3
a 259 258 3
a 259 260 8
a 260 259 8
a 260 261 4
a 261 260 4
a 261 262 4
a 262 261 4
a 262 263 2
a 263 262 2
a 263 264 10
a 264 263 10
a 264 265 2
a 265 264 2
a 265 266 2
a 266 265 2
a 266 267 2
a 267 266 2
a 267 268 10
a 268 267 10
a 268 269 1
a 269 268 1
a 269 270 5
a 270 269 5
a 270 271 2
a 271 270 2
a 271 272 5
a 272 271 5
a 272 273 5
a 273 272 5
a 273 274 2
a 274 273 2
a 274 275 6
a 275 274 6
a 275 276 6
a 276 275 6
a 276 277 9
a 277 276 9
a 277 278 5
a 278 277 5
a 278 279 5
a 279 278 5
a 279 280 4
a 280 279 4
a 280 281 2
a 281 280 2
a 281 282 4
a 282 281 4
a 282 283 3
a 283 282 3
a 283 284 9
a 284 283 9
a 284 285 8
a 285 284 8
a 285 286 7
a 286 285 7
a 286 287 2
a 287 286 2
a 287 288 4
a 288 287 4
a 288 289 2
a 289 288 2
a 289 290 10
a 290 289 10
a 290 291 5
a 291 290 5
a 291 292 8
a 292 291 8
a 292 293 1
a 293 292 1
a 293 294 4
a 294 293 4
a 294 295 6
a 295 294 6
a 295 296 4
a 296 295 4
a 296 297 6
a 297 296 6
a 297 298 5
a 298 297 5
a 298 299 8
a 299 298 8
a 299 300 5
a 300 299 5
a 300 301 5
a 301 300 5
a 301 302 2
a 302 301 2
a 302 303 5
a 303 302 5
a 303 304 9
a 304 303 9
a 304 305 1
a 305 304 1
a 305 306 7
a 306 305 7
a 306 307 8
a 307 306 8
a 307 308 7
a 308 307 7
a 308 309 8
a 309 308 8
a 309 310 9
a 310 309 9
a 310 311 3
a 311 310 3
a 311 312 7
a 312 311 7
a 312 313 3
a 313 312 3
a 313 314 4
a 314 313 4
a 314 315 9
a 315 314 9
a 315 316 4
a 316 315 4
a 316 317 6
a 317 316 6
a 317 318 10
a 318 317 10
a 318 319 9
a 319 318 9
a 319 320 2
a 320 319 2
a 320 321 9
a 321 320 9
a 321 322 10
a 322 321 10
a 322 323 8
a 323 322 8
a 323 324 3
a 324 323 3
a 324 325 10
a 325 324 10
a 325 326 9
a 326 325 9
a 326 327 6
a 327 326 6
a 327 328 3
a 328 327 3
a 328 329 3
a 329 328 3
a 329 330 6
a 330 329 6
a 330 331 6
a 331 330 6
a 331 332 4
a 332 331 4
a 332 333 4
a 333 332 4
a 333 334 5
a 334 333 5
a 334 335 8
a 335 334 8
a 335 336 2
a 336 335 2
a 336 337 2
a 337 336 2
a 337 338 9
a 338 337 9
a 338 339 8
a 339 338 8
a 339 340 5
a 340 339 5
a 340 341 5
a 341 340 5
a 341 342 1
a 342 341 1
a 342 343 2
a 343 342 2
a 343 344 5
a 344 343 5
a 344 345 7
a 345 344 7
a 345 346 10
a 346 345 10
a 346 347 9
a 347 346 9
a 347 348 1
a 348 347 1
a 348 349 5
a 349 348 5
a 349 350 6
a 350 349 6
a 350 351 6
a 351 350 6
a 351 352 1
a 352 351 1
a 352 353 6
a 353 352 6
a 353 354 4
a 354 353 4
a 354 355 7
a 355 354 7
a 355 356 7
a 356 355 7
a 356 357 8
a 357 356 8
a 357 358 7
a 358 357 7
a 358 359 4
a 359 358 4
a 359 360 3
a 360 359 3
a 360 361 3
a 361 360 3
a 361 362 7
a 362 361 7
a 362 363 1
a 363 362 1
a 363 364 8
a 364 363 8
a 364 365 9
a 365 364 9
a 365 366 3
a 366 365 3
a 366 367 4
a 367 366 4
a 367 368 7
a 368 367 7
a 368 369 5
a 369 368 5
a 369 370 2
a 370 369 2
a 370 371 10
a 371 370 10
a 371 372 1
a 372 371 1
a 372 373 6
a 373 372 6
a 373 374 9
a 374 373 9
a 374 375 2
a 375 374 2
a 375 376 1
a 376 375 1
a 376 377 4
a 377 376 4
a 377 378 4
a 378 377 4
a 378 379 9
a 379 378 9
a 379 380 3
a 380 379 3
a 380 381 1
a 381 380 1
a 381 382 4
a 382 381 4
a 382 383 2
a 383 382 2
a 383 384 3
a 384 383 3
a 384 385 8
a 385 384 8
a 385 386 5
a 386 385 5
a 386 387 8
a 387 386 8
a 387 388 8
a 388 387 8
a 388 389 7
a 389 388 7
a 389 390 7
a 390 389 7
a 390 391 8
a 391 390 8
a 391 392 3
a 392 391 3
a 392 393 3
a 393 392 3
a 393 394 7
a 394 393 7
a 394 395 9
a 395 394 9
a 395 396 9
a 396 395 9
a 396 397 7
a 397 396 7
a 397 398 8
a 398 397 8
a 398 399 5
a 399 398 5
a 399 400 9
a 400 399 9
a 400 401 9
a 401 400 9
a 401 402 6
a 402 401 6
a 402 403 4
a 403 402 4
a 403 404 3
a 404 403 3
a 404 405 6
a 405 404 6
a 405 406 10
a 406 405 10
a 406 407 1
a 407 406 1
a 407 408 1
a 408 407 1
a 408 409 5
a 409 408 5
a 409 410 2
a 410 409 2
a 410 411 10
a 411 410 10
a 411 412 5
a 412 411 5
a 412 413 5
a 413 412 5
a 413 414 10
a 414 413 10
a 414 415 1
a 415 414 1
a 415 416 5
a 416 415 5
a 416 417 9
a 417 416 9
a 417 418 3
a 418 417 3
a 418 419 4
a 419 418 4
a 419 420 8
a 420 419 8
a 420 421 6
a 421 420 6
a 421 422 2
a 422 421 2
a 422 423 5
a 423 422 5
a 423 424 5
a 424 423 5
a 424 425 10
a 425 424 10
a 425 426 8
a 426 425 8
a 426 427 4
a 427 426 4
a 427 428 6
a 428 427 6
a 428 429 9
a 429 428 9
a 429 430 3
a 430 429 3
a 430 431 7
a 431 430 7
a 431 432 9
a 432 431 9
a 432 433 1
a 433 432 1
a 433 434 1
a 434 433 1
a 434 435 5
a 435 434 5
a 435 436 3
a 436 435 3
a 436 437 10
a 437 436 10
a 437 438 8
a 438 437 8
a 438 439 5
a 439 438 5
a 439 440 2
a 440 439 2
a 440 441 1
a 441 440 1
a 441 442 3
a 442 441 3
a 442 443 9
a 443 442 9
a 443 444 1
a 444 443 1
a 444 445 10
a 445 444 10
a 445 446 6
a 446 445 6
a 446 447 1
a 447 446 1
a 447 448 6
a 448 447 6
a 448 449 7
a 449 448 7
a 449 450 6
a 450 449 6
a 450 451 6
a 451 450 6
a 451 452 10
a 452 451 10
a 452 453 9
a 453 452 9
a 453 454 7
a 454 453 7
a 454 455 5
a 455 454 5
a 455 456 4
a 456 455 4
a 456 457 10
a 457 456 10
a 457 458 1
a 458 457 1
a 458 459 4
a 459 458 4
a 459 460 4
a 460 459 4
a 460 461 7
a 461 460 7
a 461 462 10
a 462 461 10
a 462 463 8
a 463 462 8
a 463 464 1
a 464 463 1
a 464 465 3
a 465 464 3
a 465 466 8
a 466 465 8
a 466 467 4
a 467 466 4
a 467 468 5
a 468 467 5
a 468 469 3
a 469 468 3
a 469 470 3
a 470 469 3
a 470 471 4
a 471 470 4
a 471 472 10
a 472 471 10
a 472 473 4
a 473 472 4
a 473 474 1
a 474 473 1
a 474 475 1
a 475 474 1
a 475 476 10
a 476 475 10
a 476 477 10
a 477 476 10
a 477 478 2
a 478 477 2
a 478 479 10
a 479 478 10
a 479 480 3
a 480 479 3
a 480 481 5
a 481 480 5
a 481 482 2
a 482 481 2
a 482 483 9
a 483 482 9
a 483 484 7
a 484 483 7
a 484 485 3
a 485 484 3
a 485 486 1
a 486 485 1
a 486 487 9
a 487 486 9
a 487 488 1
a 488 487 1
a 488 489 10
a 489 488 10
a 489 490 8
a 490 489 8
a 490 491 7
a 491 490 7
a 491 492 3
a 492 491 3
a 492 493 3
a 493 492 3
a 493 494 1
a 494 493 1
a 494 495 4
a 495 494 4
a 495 496 10
a 496 495 10
a 496 497 10
a 497 496 10
a 497 498 8
a 498 497 8
a 498 499 5
a 499 498 5
a 499 500 10
a 500 499 10
a 500 501 2
a 501 500 2
a 501 502 3
a 502 501 3
a 502 503 7
a 503 502 7
a 503 504 8
a 504 503 8
a 504 505 10
a 505 504 10
a 505 506 2
a 506 505 2
a 506 507 4
a 507 506 4
a 507 508 4
a 508 507 4
a 508 509 10
a 509 508 10
a 509 510 6
a 510 509 6
a 510 511 6
a 511 510 6
a 511 512 4
a 512 511 4
a 512 513 5
a 513 512 5
a 513 514 8
a 514 513 8
a 514 515 1
a 515 514 1
a 515 516 1
a 516 515 1
a 516 517 1
a 517 516 1
a 517 518 8
a 518 517 8
a 518 519 1
a 519 518 1
a 519 520 5
a 520 519 5
a 520 521 10
a 521 520 10
a 521 522 3
a 522 521 3
a 522 523 10
a 523 522 10
a 523 524 4
a 524 523 4
a 524 525 8
a 525 524 8
a 525 526 9
a 526 525 9
a 526 527 2
a 527 526 2
a 527 528 3
a 528 527 3
a 528 529 9
a 529 528 9
a 529 530 9
a 530 529 9
a 530 531 5
a 531 530 5
a 531 532 8
a 532 531 8
a 532 533 10
a 533 532 10
a 533 534 1
a 534 533 1
a 534 535 8
a 535 534 8
a 535 536 10
a 536 535 10
a 536 537 8
a 537 536 8
a 537 538 6
a 538 537 6
a 538 539 4
a 539 538 4
a 539 540 9
a 540 539 9
a 540 541 7
a 541 540 7
a 541 542 8
a 542 541 8
a 542 543 5
a 543 542 5
a 543 544 1
a 544 543 1
a 544 545 9
a 545 544 9
a 545 546 4
a 546 545 4
a 546 547 5
a 547 546 5
a 547 548 3
a 548 547 3
a 548 549 4
a 549 548 4
a 549 550 9
a 550 549 9
a 550 551 1
a 551 550 1
a 551 552 5
a 552 551 5
a 552 553 8
a 553 552 8
a 553 554 2
a 554 553 2
a 554 555 10
a 555 554 10
a 555 556 8
a 556 555 8
a 556 557 9
a 557 556 9
a 557 558 5
a 558 557 5
a 558 559 5
a 559 558 5
a 559 560 2
a 560 559 2
a 560 561 8
a 561 560 8
a 561 562 6
a 562 561 6
a 562 563 4
a 563 562 4
a 563 564 2
a 564 563 2
a 564 565 6
a 565 564 6
a 565 566 10
a 566 565 10
a 566 567 9
a 567 566 9
a 567 568 8
a 568 567 8
a 568 569 10
a 569 568 10
a 569 570 9
a 570 569 9
a 570 571 5
a 571 570 5
a 571 572 6
a 572 571 6
a 572 573 4
a 573 572 4
a 573 574 2
a 574 573 2
a 574 575 2
a 575 574 2
a 575 576 10
a 576 575 10
a 576 577 2
a 577 576 2
a 577 578 2
a 578 577 2
a 578 579 2
a 579 578 2
a 579 580 6
a 580 579 6
a 580 581 5
a 581 580 5
a 581 582 1
a 582 581 1
a 582 583 4
a 583 582 4
a 583 584 4
a 584 583 4
a 584 585 10
a 585 584 10
a 585 586 4
a 586 585 4
a 586 587 1
a 587 586 1
a 587 588 8
a 588 587 8
a 588 589 3
a 589 588 3
a 589 590 6
a 590 589 6
a 590 591 9
a 591 590 9
a 591 592 4
a 592 591 4
a 592 593 4
a 593 592 4
a 593 594 5
a 594 593 5
a 594 595 3
a 595 594 3
a 595 596 9
a 596 595 9
a 596 597 6
a 597 596 6
a 597 598 4
a 598 597 4
a 598 599 10
a 599 598 10
a 599 600 7
a 600 599 7
a 600 601 7
a 601 600 7
a 601 602 1
a 602 601 1
a 602 603 1
a 603 602 1
a 603 604 8
a 604 603 8
a 604 605 3
a 605 604 3
a 605 606 7
a 606 605 7
a 606 607 5
a 607 606 5
a 607 608 1
a 608 607 1
a 608 609 9
a 609 608 9
a 609 610 3
a 610 609 3
a 610 611 3
a 611 610 3
a 611 612 8
a 612 611 8
a 612 613 9
a 613 612 9
a 613 614 1
a 614 613 1
a 614 615 10
a 615 614 10
a 615 616 1
a 616 615 1
a 616 617 2
a 617 616 2
a 617 618 7
a 618 617 7
a 618 619 7
a 619 618 7
a 619 620 7
a 620 619 7
a 620 621 7
a 621 620 7
a 621 622 4
a 622 621 4
a 622 623 2
a 623 622 2
a 623 624 7
a 624 623 7
a 624 625 8
a 625 624 8
a 625 626 5
a 626 625 5
a 626 627 5
a 627 626 5
a 627 628 2
a 628 627 2
a 628 629 10
a 629 628 10
a 629 630 3
a 630 629 3
a 630 631 2
a 631 630 2
a 631 632 8
a 632 631 8
a 632 633 3
a 633 632 3
a 633 634 7
a 634 633 7
a 634 635 1
a 635 634 1
a 635 636 8
a 636 635 8
a 636 637 3
a 637 636 3
a 637 638 6
a 638 637 6
a 638 639 8
a 639 638 8
a 639 640 6
a 640 639 6
a 640 641 9
a 641 640 9
a 641 642 6
a 642 641 6
a 642 643 8
a 643 642 8
a 643 644 9
a 644 643 9
a 644 645 7
a 645 644 7
a 645 646 2
a 646 645 2
a 646 647 8
a 647 646 8
a 647 648 7
a 648 647 7
a 648 649 9
a 649 648 9
a 649 650 9
a 650 649 9
a 650 651 4
a 651 650 4
a 651 652 6
a 652 651 6
a 652 653 7
a 653 652 7
a 653 654 1
a 654 653 1
a 654 655 5
a 655 654 5
a 655 656 1
a 656 655 1
a 656 657 4
a 657 656 4
a 657 658 2
a 658 657 2
a 658 659 6
a 659 658 6
a 659 660 4
a 660 659 4
a 660 661 4
a 661 660 4
a 661 662 9
a 662 661 9
a 662 663 9
a 663 662 9
a 663 664 5
a 664 663 5
a 664 665 8
a 665 664 8
a 665 666 3
a 666 665 3
a 666 667 6
a 667 666 6
a 667 668 1
a 668 667 1
a 668 669 2
a 669 668 2
a 669 670 4
a 670 669 4
a 670 671 7
a 671 670 7
a 671 672 3
a 672 671 3
a 672 673 5
a 673 672 5
a 673 674 8
a 674 673 8
a 674 675 8
a 675 674 8
a 675 676 10
a 676 675 10
a 676 677 6
a 677 676 6
a 677 678 9
a 678 677 9
a 678 679 5
a 679 678 5
a 679 680 7
a 680 679 7
a 680 681 3
a 681 680 3
a 681 682 5
a 682 681 5
a 682 683 2
a 683 682 2
a 683 684 5
a 684 683 5
a 684 685 10
a 685 684 10
a 685 686 7
a 686 685 7
a 686 687 4
a 687 686 4
a 687 688 7
a 688 687 7
a 688 689 8
a 689 688 8
a 689 690 6
a 690 689 6
a 690 691 8
a 691 690 8
a 691 692 6
a 692 691 6
a 692 693 2
a 693 692 2
a 693 694 7
a 694 693 7
a 694 695 2
a 695 694 2
a 695 696 9
a 696 695 9
a 696 697 2
a 697 696 2
a 697 698 9
a 698 697 9
a 698 699 2
a 699 698 2
a 699 700 2
a 700 699 2
a 700 701 4
a 701 700 4
a 701 702 4
a 702 701 4
a 702 703 10
a 703 702 10
a 703 704 1
a 704 703 1
a 704 705 2
a 705 704 2
a 705 706 3
a 706 705 3
a 706 707 7
a 707 706 7
a 707 708 8
a 708 707 8
a 708 709 5
a 709 708 5
a 709 710 9
a 710 709 9
a 710 711 5
a 711 710 5
a 711 712 3
a 712 711 3
a 712 713 2
a 713 712 2
a 713 714 9
a 714 713 9
a 714 715 5
a 715 714 5
a 715 716 10
a 716 715 10
a 716 717 8
a 717 716 8
a 717 718 2
a 718 717 2
a 718 719 1
a 719 718 1
a 719 720 1
a 720 719 1
a 720 721 4
a 721 720 4
a 721 722 2
a 722 721 2
a 722 723 9
a 723 722 9
a 723 724 2
a 724 723 2
a 724 725 6
a 725 724 6
a 725 726 1
a 726 725 1
a 726 727 10
a 727 726 10
a 727 728 9
a 728 727 9
a 728 729 2
a 729 728 2
a 729 730 1
a 730 729 1
a 730 731 4
a 731 730 4
a 731 732 9
a 732 731 9
a 732 733 2
a 733 732 2
a 733 734 9
a 734 733 9
a 734 735 1
a 735 734 1
a 735 736 10
a 736 735 10
a 736 737 7
a 737 736 7
a 737 738 9
a 738 737 9
a 738 739 9
a 739 738 9
a 739 740 8
a 740 739 8
a 740 741 6
a 741 740 6
a 741 742 8
a 742 741 8
a 742 743 10
a 743 742 10
a 743 744 2
a 744 743 2
a 744 745 9
a 745 744 9
a 745 746 2
a 746 745 2
a 746 747 8
a 747 746 8
a 747 748 5
a 748 747 5
a 748 749 7
a 749 748 7
a 749 750 1
a 750 749 1
a 750 751 4
a 751 750 4
a 751 752 2
a 752 751 2
a 752 753 1
a 753 752 1
a 753 754 2
a 754 753 2
a 754 755 3
a 755 754 3
a 755 756 1
a 756 755 1
a 756 757 7
a 757 756 7
a 757 758 1
a 758 757 1
a 758 759 9
a 759 758 9
a 759 760 3
a 760 759 3
a 760 761 1
a 761 760 1
a 761 762 1
a 762 761 1
a 762 763 6
a 763 762 6
a 763 764 10
a 764 763 10
a 764 765 8
a 765 764 8
a 765 766 1
a 766 765 1
a 766 767 5
a 767 766 5
a 767 768 6
a 768 767 6
a 768 769 1
a 769 768 1
a 769 770 8
a 770 769 8
a 770 771 5
a 771 770 5
a 771 772 2
a 772 771 2
a 772 773 5
a 773 772 5
a 773 774 8
a 774 773 8
a 774 775 1
a 775 774 1
a 775 776 4
a 776 775 4
a 776 777 2
a 777 776 2
a 777 778 2
a 778 777 2
a 778 779 5
a 779 778 5
a 779 780 1
a 780 779 1
a 780 781 2
a 781 780 2
a 781 782 9
a 782 781 9
a 782 783 5
a 783 782 5
a 783 784 5
a 784 783 5
a 784 785 4
a 785 784 4
a 785 786 3
a 786 785 3
a 786 787 6
a 787 786 6
a 787 788 7
a 788 787 7
a 788 789 7
a 789 788 7
a 789 790 6
a 790 789 6
a 790 791 3
a 791 790 3
a 791 792 5
a 792 791 5
a 792 793 8
a 793 792 8
a 793 794 6
a 794 793 6
a 794 795 4
a 795 794 4
a 795 796 8
a 796 795 8
a 796 797 7
a 797 796 7
a 797 798 2
a 798 797 2
a 798 799 3
a 799 798 3
a 799 800 6
a 800 799 6
a 800 801 9
a 801 800 9
a 801 802 5
a 802 801 5
a 802 803 9
a 803 802 9
a 803 804 5
a 804 803 5
a 804 805 10
a 805 804 10
a 805 806 7
a 806 805 7
a 806 807 8
a 807 806 8
a 807 808 2
a 808 807 2
a 808 809 8
a 809 808 8
a 809 810 2
a 810 809 2
a 810 811 4
a 811 810 4
a 811 812 7
a 812 811 7
a 812 813 10
a 813 812 10
a 813 814 10
a 814 813 10
a 814 815 2
a 815 814 2
a 815 816 9
a 816 815 9
a 816 817 3
a 817 816 3
a 817 818 10
a 818 817 10
a 818 819 2
a 819 818 2
a 819 820 3
a 820 819 3
a 820 821 10
a 821 820 10
a 821 822 4
a 822 821 4
a 822 823 8
a 823 822 8
a 823 824 5
a 824 823 5
a 824 825 10
a 825 824 10
a 825 826 3
a 826 825 3
a 826 827 9
a 827 826 9
a 827 828 1
a 828 827 1
a 828 829 10
a 829 828 10
a 829 830 10
a 830 829 10
a 830 831 7
a 831 830 7
a 831 832 5
a 832 831 5
a 832 833 4
a 833 832 4
a 833 834 5
a 834 833 5
a 834 835 3
a 835 834 3
a 835 836 6
a 836 835 6
a 836 837 2
a 837 836 2
a 837 838 9
a 838 837 9
a 838 839 3
a 839 838 3
a 839 840 2
a 840 839 2
a 840 841 6
a 841 840 6
a 841 842 3
a 842 841 3
a 842 843 2
a 843 842 2
a 843 844 9
a 844 843 9
a 844 845 5
a 845 844 5
a 845 846 3
a 846 845 3
a 846 847 8
a 847 846 8
a 847 848 3
a 848 847 3
a 848 849 4
a 849 848 4
a 849 850 9
a 850 849 9
a 850 851 9
a 851 850 9
a 851 852 4
a 852 851 4
a 852 853 4
a 853 852 4
a 853 854 1
a 854 853 1
a 854 855 3
a 855 854 3
a 855 856 5
a 856 855 5
a 856 857 8
a 857 856 8
a 857 858 8
a 858 857 8
a 858 859 4
a 859 858 4
a 859 860 6
a 860 859 6
a 860 861 10
a 861 860 10
a 861 862 9
a 862 861 9
a 862 863 5
a 863 862 5
a 863 864 1
a 864 863 1
a 864 865 2
a 865 864 2
a 865 866 2
a 866 865 2
a 866 867 10
a 867 866 10
a 867 868 10
a 868 867 10
a 868 869 3
a 869 868 3
a 869 870 2
a 870 869 2
a 870 871 1
a 871 870 1
a 871 872 5
a 872 871 5
a 872 873 5
a 873 872 5
a 873 874 2
a 874 873 2
a 874 875 5
a 875 874 5
a 875 876 3
a 876 875 3
a 876 877 2
a 877 876 2
a 877 878 2
a 878 877 2
a 878 879 6
a 879 878 6
a 879 880 9
a 880 879 9
a 880 881 7
a 881 880 7
a 881 882 6
a 882 881 6
a 882 883 2
a 883 882 2
a 883 884 5
a 884 883 5
a 884 885 3
a 885 884 3
a 885 886 4
a 886 885 4
a 886 887 7
a 887 886 7
a 887 888 9
a 888 887 9
a 888 889 2
a 889 888 2
a 889 890 4
a 890 889 4
a 890 891 1
a 891 890 1
a 891 892 3
a 892 891 3
a 892 893 6
a 893 892 6
a 893 894 9
a 894 893 9
a 894 895 3
a 895 894 3
a 895 896 9
a 896 895 9
a 896 897 3
a 897 896 3
a 897 898 9
a 898 897 9
a 898 899 3
a 899 898 3
a 899 900 5
a 900 899 5
a 900 901 3
a 901 900 3
a 901 902 10
a 902 901 10
a 902 903 5
a 903 902 5
a 903 904 5
a 904 903 5
a 904 905 6
a 905 904 6
a 905 906 6
a 906 905 6
a 906 907 1
a 907 906 1
a 907 908 9
a 908 907 9
a 908 909 4
a 909 908 4
a 909 910 9
a 910 909 9
a 910 911 10
a 911 910 10
a 911 912 6
a 912 911 6
a 912 913 2
a 913 912 2
a 913 914 1
a 914 913 1
a 914 915 10
a 915 914 10
a 915 916 5
a 916 915 5
a 916 917 1
a 917 916 1
a 917 918 1
a 918 917 1
a 918 919 9
a 919 918 9
a 919 920 8
a 920 919 8
a 920 921 2
a 921 920 2
a 921 922 6
a 922 921 6
a 922 923 1
a 923 922 1
a 923 924 3
a 924 923 3
a 924 925 8
a 925 924 8
a 925 926 4
a 926 925 4
a 926 927 7
a 927 926 7
a 927 928 4
a 928 927 4
a 928 929 5
a 929 928 5
a 929 930 10
a 930 929 10
a 930 931 6
a 931 930 6
a 931 932 10
a 932 931 10
a 932 933 4
a 933 932 4
a 933 934 5
a 934 933 5
a 934 935 7
a 935 934 7
a 935 936 10
a 936 935 10
a 936 937 5
a 937 936 5
a 937 938 10
a 938 937 10
a 938 939 1
a 939 938 1
a 939 940 4
a 940 939 4
a 940 941 10
a 941 940 10
a 941 942 5
a 942 941 5
a 942 943 2
a 943 942 2
a 943 944 9
a 944 943 9
a 944 945 1
a 945 944 1
a 945 946 2
a 946 945 2
a 946 947 2
a 947 946 2
a 947 948 1
a 948 947 1
a 948 949 10
a 949 948 10
a 949 950 9
a 950 949 9
a 950 951 5
a 951 950 5
a 951 952 7
a 952 951 7
a 952 953 5
a 953 952 5
a 953 954 5
a 954 953 5
a 954 955 2
a 955 954 2
a 955 956 1
a 956 955 1
a 956 957 9
a 957 956 9
a 957 958 10
a 958 957 10
a 958 959 9
a 959 958 9
a 959 960 2
a 960 959 2
a 960 961 1
a 961 960 1
a 961 962 8
a 962 961 8
a 962 963 4
a 963 962 4
a 963 964 8
a 964 963 8
a 964 965 1
a 965 964 1
a 965 966 3
a 966 965 3
a 966 967 1
a 967 966 1
a 967 968 5
a 968 967 5
a 968 969 10
a 969 968 10
a 969 970 2
a 970 969 2
a 970 971 4
a 971 970 4
a 971 972 7
a 972 971 7
a 972 973 1
a 973 972 1
a 973 974 7
a 974 973 7
a 974 975 10
a 975 974 10
a 975 976 2
a 976 975 2
a 976 977 7
a 977 976 7
a 977 978 1
a 978 977 1
a 978 979 2
a 979 978 2
a 979 980 8
a 980 979 8
a 980 981 1
a 981 980 1
a 981 982 3
a 982 981 3
a 982 983 6
a 983 982 6
a 983 984 4
a 984 983 4
a 984 985 5
a 985 984 5
a 985 986 9
a 986 985 9
a 986 987 7
a 987 986 7
a 987 988 10
a 988 987 10
a 988 989 4
a 989 988 4
a 989 990 5
a 990 989 5
a 990 991 4
a 991 990 4
a 991 992 1
a 992 991 1
a 992 993 7
a 993 992 7
a 993 994 1
a 994 993 1
a 994 995 7
a 995 994 7
a 995 996 7
a 996 995 7
a 996 997 9
a 997 996 9
a 997 998 6
a 998 997 6
a 998 999 6
a 999 998 6
a 999 1000 9
a 1000 999 9
