1000 2000
a 1 2 7
a 2 1 7
a 2 3 5
a 3 2 5
a 3 4 2
a 4 3 2
a 4 5 1
a 5 4 1
a 5 6 3
a 6 5 3
a 6 7 3
a 7 6 3
a 7 8 10
a 8 7 10
a 8 9 9
a 9 8 9
a 9 10 6
a 10 9 6
a 10 11 3
a 11 10 3
a 11 12 6
a 12 11 6
a 12 13 3
a 13 12 3
a 13 14 8
a 14 13 8
a 14 15 10
a 15 14 10
a 15 16 4
a 16 15 4
a 16 17 1
a 17 16 1
a 17 18 2
a 18 17 2
a 18 19 5
a 19 18 5
a 19 20 7
a 20 19 7
a 20 21 2
a 21 20 2
a 21 22 3
a 22 21 3
a 22 23 7
a 23 22 7
a 23 24 1
a 24 23 1
a 24 25 2
a 25 24 2
a 25 26 6
a 26 25 6
a 26 27 2
a 27 26 2
a 27 28 2
a 28 27 2
a 28 29 6
a 29 28 6
a 29 30 3
a 30 29 3
a 30 31 8
a 31 30 8
a 31 32 4
a 32 31 4
a 32 33 1
a 33 32 1
a 33 34 4
a 34 33 4
a 34 35 1
a 35 34 1
a 35 36 10
a 36 35 10
a 36 37 1
a 37 36 1
a 37 38 10
a 38 37 10
a 38 39 1
a 39 38 1
a 39 40 6
a 40 39 6
a 40 41 1
a 41 40 1
a 41 42 8
a 42 41 8
a 42 43 6
a 43 42 6
a 43 44 5
a 44 43 5
a 44 45 2
a 45 44 2
a 45 46 9
a 46 45 9
a 46 47 1
a 47 46 1
a 47 48 9
a 48 47 9
a 48 49 2
a 49 48 2
a 49 50 8
a 50 49 8
a 50 51 9
a 51 50 9
a 51 52 7
a 52 51 7
a 52 53 2
a 53 52 2
a 53 54 7
a 54 53 7
a 54 55 4
a 55 54 4
a 55 56 5
a 56 55 5
a 56 57 6
a 57 56 6
a 57 58 4
a 58 57 4
a 58 59 7
a 59 58 7
a 59 60 2
a 60 59 2
a 60 61 5
a 61 60 5
a 61 62 10
a 62 61 10
a 62 63 9
a 63 62 9
a 63 64 4
a 64 63 4
a 64 65 4
a 65 64 4
a 65 66 9
a 66 65 9
a 66 67 4
a 67 66 4
a 67 68 4
a 68 67 4
a 68 69 2
a 69 68 2
a 69 70 8
a 70 69 8
a 70 71 1
a 71 70 1
a 71 72 9
a 72 71 9
a 72 73 7
a 73 72 7
a 73 74 2
a 74 73 2
a 74 75 10
a 75 74 10
a 75 76 10
a 76 75 10
a 76 77 1
a 77 76 1
a 77 78 1
a 78 77 1
a 78 79 1
a 79 78 1
a 79 80 6
a 80 79 6
a 80 81 7
a 81 80 7
a 81 82 1
a 82 81 1
a 82 83 7
a 83 82 7
a 83 84 5
a 84 83 5
a 84 85 4
a 85 84 4
a 85 86 5
a 86 85 5
a 86 87 4
a 87 86 4
a 87 88 4
a 88 87 4
a 88 89 4
a 89 88 4
a 89 90 10
a 90 89 10
a 90 91 4
a 91 90 4
a 91 92 2
a 92 91 2
a 92 93 4
a 93 92 4
a 93 94 5
a 94 93 5
a 94 95 1
a 95 94 1
a 95 96 6
a 96 95 6
a 96 97 4
a 97 96 4
a 97 98 3
a 98 97 3
a 98 99 8
a 99 98 8
a 99 100 9
a 100 99 9
a 100 101 10
a 101 100 10
a 101 102 2
a 102 101 2
a 102 103 4
a 103 102 4
a 103 104 8
a 104 103 8
a 104 105 1
a 105 104 1
a 105 106 7
a 106 105 7
a 106 107 5
a 107 106 5
a 107 108 7
a 108 107 7
a 108 109 8
a 109 108 8
a 109 110 8
a 110 109 8
a 110 111 4
a 111 110 4
a 111 112 2
a 112 111 2
a 112 113 7
a 113 112 7
a 113 114 9
a 114 113 9
a 114 115 1
a 115 114 1
a 115 116 6
a 116 115 6
a 116 117 7
a 117 116 7
a 117 118 3
a 118 117 3
a 118 119 2
a 119 118 2
a 119 120 9
a 120 119 9
a 120 121 7
a 121 120 7
a 121 122 6
a 122 121 6
a 122 123 1
a 123 122 1
a 123 124 10
a 124 123 10
a 124 125 9
a 125 124 9
a 125 126 4
a 126 125 4
a 126 127 3
a 127 126 3
a 127 128 8
a 128 127 8
a 128 129 9
a 129 128 9
a 129 130 3
a 130 129 3
a 130 131 7
a 131 130 7
a 131 132 3
a 132 131 3
a 132 133 2
a 133 132 2
a 133 134 8
a 134 133 8
a 134 135 8
a 135 134 8
a 135 136 1
a 136 135 1
a 136 137 4
a 137 136 4
a 137 138 8
a 138 137 8
a 138 139 8
a 139 138 8
a 139 140 5
a 140 139 5
a 140 141 1
a 141 140 1
a 141 142 8
a 142 141 8
a 142 143 1
a 143 142 1
a 143 144 8
a 144 143 8
a 144 145 4
a 145 144 4
a 145 146 10
a 146 145 10
a 146 147 6
a 147 146 6
a 147 148 8
a 148 147 8
a 148 149 8
a 149 148 8
a 149 150 5
a 150 149 5
a 150 151 3
a 151 150 3
a 151 152 6
a 152 151 6
a 152 153 1
a 153 152 1
a 153 154 4
a 154 153 4
a 154 155 7
a 155 154 7
a 155 156 5
a 156 155 5
a 156 157 10
a 157 156 10
a 157 158 1
a 158 157 1
a 158 159 2
a 159 158 2
a 159 160 7
a 160 159 7
a 160 161 1
a 161 160 1
a 161 162 7
a 162 161 7
a 162 163 1
a 163 162 1
a 163 164 3
a 164 163 3
a 164 165 7
a 165 164 7
a 165 166 9
a 166 165 9
a 166 167 5
a 167 166 5
a 167 168 1
a 168 167 1
a 168 169 7
a 169 168 7
a 169 170 9
a 170 169 9
a 170 171 5
a 171 170 5
a 171 172 2
a 172 171 2
a 172 173 7
a 173 172 7
a 173 174 10
a 174 173 10
a 174 175 10
a 175 174 10
a 175 176 5
a 176 175 5
a 176 177 4
a 177 176 4
a 177 178 2
a 178 177 2
a 178 179 7
a 179 178 7
a 179 180 5
a 180 179 5
a 180 181 6
a 181 180 6
a 181 182 3
a 182 181 3
a 182 183 10
a 183 182 10
a 183 184 9
a 184 183 9
a 184 185 5
a 185 184 5
a 185 186 4
a 186 185 4
a 186 187 8
a 187 186 8
a 187 188 9
a 188 187 9
a 188 189 5
a 189 188 5
a 189 190 5
a 190 189 5
a 190 191 5
a 191 190 5
a 191 192 1
a 192 191 1
a 192 193 4
a 193 192 4
a 193 194 7
a 194 193 7
a 194 195 3
a 195 194 3
a 195 196 5
a 196 195 5
a 196 197 5
a 197 196 5
a 197 198 7
a 198 197 7
a 198 199 6
a 199 198 6
a 199 200 1
a 200 199 1
a 200 201 5
a 201 200 5
a 201 202 2
a 202 201 2
a 202 203 1
a 203 202 1
a 203 204 4
a 204 203 4
a 204 205 8
a 205 204 8
a 205 206 5
a 206 205 5
a 206 207 4
a 207 206 4
a 207 208 6
a 208 207 6
a 208 209 7
a 209 208 7
a 209 210 4
a 210 209 4
a 210 211 6
a 211 210 6
a 211 212 10
a 212 211 10
a 212 213 9
a 213 212 9
a 213 214 9
a 214 213 9
a 214 215 4
a 215 214 4
a 215 216 8
a 216 215 8
a 216 217 6
a 217 216 6
a 217 218 1
a 218 217 1
a 218 219 7
a 219 218 7
a 219 220 2
a 220 219 2
a 220 221 7
a 221 220 7
a 221 222 6
a 222 221 6
a 222 223 4
a 223 222 4
a 223 224 8
a 224 223 8
a 224 225 2
a 225 224 2
a 225 226 3
a 226 225 3
a 226 227 4
a 227 226 4
a 227 228 7
a 228 227 7
a 228 229 10
a 229 228 10
a 229 230 4
a 230 229 4
a 230 231 5
a 231 230 5
a 231 232 8
a 232 231 8
a 232 233 4
a 233 232 4
a 233 234 5
a 234 233 5
a 234 235 6
a 235 234 6
a 235 236 7
a 236 235 7
a 236 237 6
a 237 236 6
a 237 238 4
a 238 237 4
a 238 239 4
a 239 238 4
a 239 240 6
a 240 239 6
a 240 241 4
a 241 240 4
a 241 242 1
a 242 241 1
a 242 243 4
a 243 242 4
a 243 244 2
a 244 243 2
a 244 245 2
a 245 244 2
a 245 246 1
a 246 245 1
a 246 247 1
a 247 246 1
a 247 248 6
a 248 247 6
a 248 249 10
a 249 248 10
a 249 250 5
a 250 249 5
a 250 251 1
a 251 250 1
a 251 252 9
a 252 251 9
a 252 253 1
a 253 252 1
a 253 254 9
a 254 253 9
a 254 255 1
a 255 254 1
a 255 256 9
a 256 255 9
a 256 257 5
a 257 256 5
a 257 258 6
a 258 257 6
a 258 259 8
a 259 258 8
a 259 260 3
a 260 259 3
a 260 261 7
a 261 260 7
a 261 262 7
a 262 261 7
a 262 263 3
a 263 262 3
a 263 264 3
a 264 263 3
a 264 265 4
a 265 264 4
a 265 266 1
a 266 265 1
a 266 267 7
a 267 266 7
a 267 268 8
a 268 267 8
a 268 269 2
a 269 268 2
a 269 270 7
a 270 269 7
a 270 271 2
a 271 270 2
a 271 272 9
a 272 271 9
a 272 273 8
a 273 272 8
a 273 274 3
a 274 273 3
a 274 275 1
a 275 274 1
a 275 276 2
a 276 275 2
a 276 277 6
a 277 276 6
a 277 278 9
a 278 277 9
a 278 279 5
a 279 278 5
a 279 280 9
a 280 279 9
a 280 281 10
a 281 280 10
a 281 282 9
a 282 281 9
a 282 283 1
a 283 282 1
a 283 284 9
a 284 283 9
a 284 285 10
a 285 284 10
a 285 286 6
a 286 285 6
a 286 287 10
a 287 286 10
a 287 288 3
a 288 287 3
a 288 289 4
a 289 288 4
a 289 290 1
a 290 289 1
a 290 291 9
a 291 290 9
a 291 292 1
a 292 291 1
a 292 293 3
a 293 292 3
a 293 294 4
a 294 293 4
a 294 295 5
a 295 294 5
a 295 296 5
a 296 295 5
a 296 297 1
a 297 296 1
a 297 298 6
a 298 297 6
a 298 299 1
a 299 298 1
a 299 300 4
a 300 299 4
a 300 301 3
a 301 300 3
a 301 302 6
a 302 301 6
a 302 303 2
a 303 302 2
a 303 304 7
a 304 303 7
a 304 305 3
a 305 304 3
a 305 306 6
a 306 305 6
a 306 307 9
a 307 306 9
a 307 308 1
a 308 307 1
a 308 309 8
a 309 308 8
a 309 310 8
a 310 309 8
a 310 311 3
a 311 310 3
a 311 312 3
a 312 311 3
a 312 313 5
a 313 312 5
a 313 314 7
a 314 313 7
a 314 315 5
a 315 314 5
a 315 316 9
a 316 315 9
a 316 317 7
a 317 316 7
a 317 318 3
a 318 317 3
a 318 319 4
a 319 318 4
a 319 320 9
a 320 319 9
a 320 321 4
a 321 320 4
a 321 322 5
a 322 321 5
a 322 323 2
a 323 322 2
a 323 324 7
a 324 323 7
a 324 325 6
a 325 324 6
a 325 326 4
a 326 325 4
a 325 717 6
a 717 325 6
a 326 327 6
a 327 326 6
a 327 328 8
a 328 327 8
a 328 329 5
a 329 328 5
a 329 330 6
a 330 329 6
a 330 331 4
a 331 330 4
a 331 332 8
a 332 331 8
a 332 333 2
a 333 332 2
a 333 334 4
a 334 333 4
a 334 335 7
a 335 334 7
a 335 336 8
a 336 335 8
a 336 337 3
a 337 336 3
a 337 338 9
a 338 337 9
a 338 339 3
a 339 338 3
a 339 340 10
a 340 339 10
a 340 341 8
a 341 340 8
a 341 342 6
a 342 341 6
a 342 343 3
a 343 342 3
a 343 344 1
a 344 343 1
a 344 345 4
a 345 344 4
a 345 346 5
a 346 345 5
a 346 347 10
a 347 346 10
a 347 348 4
a 348 347 4
a 348 349 5
a 349 348 5
a 349 350 5
a 350 349 5
a 350 351 9
a 351 350 9
a 351 352 7
a 352 351 7
a 352 353 10
a 353 352 10
a 353 354 4
a 354 353 4
a 354 355 10
a 355 354 10
a 355 356 8
a 356 355 8
a 356 357 7
a 357 356 7
a 357 358 7
a 358 357 7
a 358 359 3
a 359 358 3
a 359 360 2
a 360 359 2
a 360 361 1
a 361 360 1
a 361 362 7
a 362 361 7
a 362 363 9
a 363 362 9
a 363 364 6
a 364 363 6
a 364 365 4
a 365 364 4
a 365 366 7
a 366 365 7
a 366 367 7
a 367 366 7
a 367 368 5
a 368 367 5
a 368 369 3
a 369 368 3
a 369 370 9
a 370 369 9
a 370 371 2
a 371 370 2
a 371 372 4
a 372 371 4
a 372 373 4
a 373 372 4
a 373 374 1
a 374 373 1
a 374 375 7
a 375 374 7
a 375 376 9
a 376 375 9
a 376 377 9
a 377 376 9
a 377 378 2
a 378 377 2
a 378 379 1
a 379 378 1
a 379 380 9
a 380 379 9
a 380 381 4
a 381 380 4
a 381 382 5
a 382 381 5
a 382 383 4
a 383 382 4
a 383 384 10
a 384 383 10
a 384 385 8
a 385 384 8
a 385 386 8
a 386 385 8
a 386 387 3
a 387 386 3
a 387 388 1
a 388 387 1
a 388 389 4
a 389 388 4
a 389 390 10
a 390 389 10
a 390 391 3
a 391 390 3
a 391 392 2
a 392 391 2
a 392 393 5
a 393 392 5
a 393 394 7
a 394 393 7
a 394 395 4
a 395 394 4
a 395 396 1
a 396 395 1
a 396 397 6
a 397 396 6
a 397 398 1
a 398 397 1
a 398 399 1
a 399 398 1
a 399 400 6
a 400 399 6
a 400 401 6
a 401 400 6
a 401 402 6
a 402 401 6
a 402 403 6
a 403 402 6
a 403 404 6
a 404 403 6
a 404 405 5
a 405 404 5
a 405 406 2
a 406 405 2
a 406 407 2
a 407 406 2
a 407 408 3
a 408 407 3
a 408 409 5
a 409 408 5
a 409 410 2
a 410 409 2
a 410 411 8
a 411 410 8
a 411 412 10
a 412 411 10
a 412 413 2
a 413 412 2
a 413 414 1
a 414 413 1
a 414 415 8
a 415 414 8
a 415 416 2
a 416 415 2
a 416 417 7
a 417 416 7
a 417 418 2
a 418 417 2
a 418 419 3
a 419 418 3
a 419 420 3
a 420 419 3
a 420 421 2
a 421 420 2
a 421 422 9
a 422 421 9
a 422 423 2
a 423 422 2
a 423 424 10
a 424 423 10
a 424 425 2
a 425 424 2
a 425 426 6
a 426 425 6
a 426 427 9
a 427 426 9
a 427 428 1
a 428 427 1
a 428 429 6
a 429 428 6
a 429 430 2
a 430 429 2
a 430 431 7
a 431 430 7
a 431 432 6
a 432 431 6
a 432 433 4
a 433 432 4
a 433 434 8
a 434 433 8
a 434 435 7
a 435 434 7
a 435 436 2
a 436 435 2
a 436 437 10
a 437 436 10
a 437 438 3
a 438 437 3
a 438 439 5
a 439 438 5
a 439 440 1
a 440 439 1
a 440 441 3
a 441 440 3
a 441 442 5
a 442 441 5
a 442 443 2
a 443 442 2
a 443 444 6
a 444 443 6
a 444 445 5
a 445 444 5
a 445 446 10
a 446 445 10
a 446 447 10
a 447 446 10
a 447 448 6
a 448 447 6
a 448 449 2
a 449 448 2
a 449 450 7
a 450 449 7
a 450 451 9
a 451 450 9
a 451 452 3
a 452 451 3
a 452 453 1
a 453 452 1
a 453 454 7
a 454 453 7
a 454 455 4
a 455 454 4
a 455 456 9
a 456 455 9
a 456 457 7
a 457 456 7
a 457 458 5
a 458 457 5
a 458 459 5
a 459 458 5
a 459 460 7
a 460 459 7
a 460 461 8
a 461 460 8
a 461 462 8
a 462 461 8
a 462 463 1
a 463 462 1
a 463 464 7
a 464 463 7
a 464 465 7
a 465 464 7
a 465 466 9
a 466 465 9
a 466 467 3
a 467 466 3
a 467 468 5
a 468 467 5
a 468 469 8
a 469 468 8
a 469 470 7
a 470 469 7
a 470 471 6
a 471 470 6
a 471 472 8
a 472 471 8
a 472 473 1
a 473 472 1
a 473 474 3
a 474 473 3
a 474 475 7
a 475 474 7
a 475 476 6
a 476 475 6
a 476 477 7
a 477 476 7
a 477 478 6
a 478 477 6
a 478 479 7
a 479 478 7
a 479 480 2
a 480 479 2
a 480 481 5
a 481 480 5
a 481 482 5
a 482 481 5
a 482 483 1
a 483 482 1
a 483 484 4
a 484 483 4
a 484 485 9
a 485 484 9
a 485 486 9
a 486 485 9
a 486 487 7
a 487 486 7
a 487 488 2
a 488 487 2
a 488 489 8
a 489 488 8
a 489 490 2
a 490 489 2
a 490 491 9
a 491 490 9
a 491 492 6
a 492 491 6
a 492 493 1
a 493 492 1
a 493 494 4
a 494 493 4
a 494 495 2
a 495 494 2
a 495 496 10
a 496 495 10
a 496 497 9
a 497 496 9
a 497 498 2
a 498 497 2
a 498 499 7
a 499 498 7
a 499 500 7
a 500 499 7
a 500 501 9
a 501 500 9
a 501 502 5
a 502 501 5
a 502 503 2
a 503 502 2
a 503 504 9
a 504 503 9
a 504 505 6
a 505 504 6
a 505 506 4
a 506 505 4
a 506 507 7
a 507 506 7
a 507 508 10
a 508 507 10
a 508 509 7
a 509 508 7
a 509 510 10
a 510 509 10
a 510 511 9
a 511 510 9
a 511 512 5
a 512 511 5
a 512 513 1
a 513 512 1
a 513 514 9
a 514 513 9
a 514 515 6
a 515 514 6
a 515 516 8
a 516 515 8
a 516 517 4
a 517 516 4
a 517 518 8
a 518 517 8
a 518 519 10
a 519 518 10
a 519 520 2
a 520 519 2
a 520 521 4
a 521 520 4
a 521 522 8
a 522 521 8
a 522 523 4
a 523 522 4
a 523 524 1
a 524 523 1
a 524 525 8
a 525 524 8
a 525 526 3
a 526 525 3
a 526 527 6
a 527 526 6
a 527 528 7
a 528 527 7
a 528 529 10
a 529 528 10
a 529 530 2
a 530 529 2
a 530 531 10
a 531 530 10
a 531 532 10
a 532 531 10
a 532 533 5
a 533 532 5
a 533 534 2
a 534 533 2
a 534 535 6
a 535 534 6
a 535 536 1
a 536 535 1
a 536 537 2
a 537 536 2
a 537 538 8
a 538 537 8
a 538 539 3
a 539 538 3
a 539 540 9
a 540 539 9
a 540 541 8
a 541 540 8
a 541 542 6
a 542 541 6
a 542 543 7
a 543 542 7
a 543 544 1
a 544 543 1
a 544 545 4
a 545 544 4
a 545 546 5
a 546 545 5
a 546 547 10
a 547 546 10
a 547 548 7
a 548 547 7
a 548 549 9
a 549 548 9
a 549 550 3
a 550 549 3
a 550 551 10
a 551 550 10
a 551 552 2
a 552 551 2
a 552 553 6
a 553 552 6
a 553 554 7
a 554 553 7
a 554 555 9
a 555 554 9
a 555 556 8
a 556 555 8
a 556 557 4
a 557 556 4
a 557 558 3
a 558 557 3
a 558 559 7
a 559 558 7
a 559 560 5
a 560 559 5
a 560 561 8
a 561 560 8
a 561 562 4
a 562 561 4
a 562 563 3
a 563 562 3
a 563 564 7
a 564 563 7
a 564 565 1
a 565 564 1
a 565 566 1
a 566 565 1
a 566 567 7
a 567 566 7
a 567 568 4
a 568 567 4
a 568 569 3
a 569 568 3
a 569 570 8
a 570 569 8
a 570 571 8
a 571 570 8
a 571 572 2
a 572 571 2
a 572 573 7
a 573 572 7
a 573 574 7
a 574 573 7
a 574 575 2
a 575 574 2
a 575 576 1
a 576 575 1
a 576 577 10
a 577 576 10
a 577 578 2
a 578 577 2
a 578 579 6
a 579 578 6
a 579 580 2
a 580 579 2
a 580 581 1
a 581 580 1
a 581 582 5
a 582 581 5
a 582 583 8
a 583 582 8
a 583 584 6
a 584 583 6
a 584 585 4
a 585 584 4
a 585 586 8
a 586 585 8
a 586 587 10
a 587 586 10
a 587 588 8
a 588 587 8
a 588 589 10
a 589 588 10
a 589 590 8
a 590 589 8
a 590 591 5
a 591 590 5
a 591 592 10
a 592 591 10
a 592 593 6
a 593 592 6
a 593 594 2
a 594 593 2
a 594 595 5
a 595 594 5
a 595 596 10
a 596 595 10
a 596 597 6
a 597 596 6
a 597 598 7
a 598 597 7
a 598 599 6
a 599 598 6
a 599 600 9
a 600 599 9
a 600 601 10
a 601 600 10
a 601 602 6
a 602 601 6
a 602 603 9
a 603 602 9
a 603 604 5
a 604 603 5
a 604 605 3
a 605 604 3
a 605 606 2
a 606 605 2
a 606 607 6
a 607 606 6
a 607 608 3
a 608 607 3
a 608 609 7
a 609 608 7
a 609 610 10
a 610 609 10
a 610 611 10
a 611 610 10
a 611 612 3
a 612 611 3
a 612 613 7
a 613 612 7
a 613 614 10
a 614 613 10
a 614 615 10
a 615 614 10
a 615 616 1
a 616 615 1
a 616 617 6
a 617 616 6
a 617 618 4
a 618 617 4
a 618 619 6
a 619 618 6
a 619 620 8
a 620 619 8
a 620 621 9
a 621 620 9
a 621 622 5
a 622 621 5
a 622 623 1
a 623 622 1
a 623 624 2
a 624 623 2
a 624 625 9
a 625 624 9
a 625 626 4
a 626 625 4
a 626 627 5
a 627 626 5
a 627 628 4
a 628 627 4
a 628 629 9
a 629 628 9
a 629 630 4
a 630 629 4
a 630 631 4
a 631 630 4
a 631 632 2
a 632 631 2
a 632 633 3
a 633 632 3
a 633 634 5
a 634 633 5
a 634 635 6
a 635 634 6
a 635 636 1
a 636 635 1
a 636 637 4
a 637 636 4
a 637 638 10
a 638 637 10
a 638 639 7
a 639 638 7
a 639 640 8
a 640 639 8
a 640 641 9
a 641 640 9
a 641 642 4
a 642 641 4
a 642 643 4
a 643 642 4
a 643 644 5
a 644 643 5
a 644 645 2
a 645 644 2
a 645 646 5
a 646 645 5
a 646 647 5
a 647 646 5
a 647 648 2
a 648 647 2
a 648 649 4
a 649 648 4
a 649 650 8
a 650 649 8
a 650 651 10
a 651 650 10
a 651 652 8
a 652 651 8
a 652 653 4
a 653 652 4
a 653 654 5
a 654 653 5
a 654 655 7
a 655 654 7
a 655 656 4
a 656 655 4
a 656 657 5
a 657 656 5
a 657 658 10
a 658 657 10
a 658 659 3
a 659 658 3
a 659 660 3
a 660 659 3
a 660 661 4
a 661 660 4
a 661 662 10
a 662 661 10
a 662 663 4
a 663 662 4
a 663 664 1
a 664 663 1
a 664 665 4
a 665 664 4
a 665 666 1
a 666 665 1
a 666 667 2
a 667 666 2
a 667 668 5
a 668 667 5
a 668 669 7
a 669 668 7
a 669 670 2
a 670 669 2
a 670 671 5
a 671 670 5
a 671 672 4
a 672 671 4
a 672 673 2
a 673 672 2
a 673 674 1
a 674 673 1
a 674 675 10
a 675 674 10
a 675 676 1
a 676 675 1
a 676 677 9
a 677 676 9
a 677 678 6
a 678 677 6
a 678 679 6
a 679 678 6
a 679 680 2
a 680 679 2
a 680 681 5
a 681 680 5
a 681 682 3
a 682 681 3
a 682 683 5
a 683 682 5
a 683 684 2
a 684 683 2
a 684 685 10
a 685 684 10
a 685 686 2
a 686 685 2
a 686 687 1
a 687 686 1
a 687 688 6
a 688 687 6
a 688 689 7
a 689 688 7
a 689 690 1
a 690 689 1
a 690 691 1
a 691 690 1
a 691 692 2
a 692 691 2
a 692 693 3
a 693 692 3
a 693 694 7
a 694 693 7
a 694 695 6
a 695 694 6
a 695 696 1
a 696 695 1
a 696 697 10
a 697 696 10
a 697 698 6
a 698 697 6
a 698 699 10
a 699 698 10
a 699 700 6
a 700 699 6
a 700 701 1
a 701 700 1
a 701 702 3
a 702 701 3
a 702 703 10
a 703 702 10
a 703 704 1
a 704 703 1
a 704 705 10
a 705 704 10
a 705 706 9
a 706 705 9
a 706 707 9
a 707 706 9
a 707 708 7
a 708 707 7
a 708 709 4
a 709 708 4
a 709 710 8
a 710 709 8
a 710 711 5
a 711 710 5
a 711 712 1
a 712 711 1
a 712 713 10
a 713 712 10
a 713 714 5
a 714 713 5
a 714 715 1
a 715 714 1
a 715 716 1
a 716 715 1
a 716 717 5
a 717 716 5
a 717 718 3
a 718 717 3
a 718 719 10
a 719 718 10
a 719 720 7
a 720 719 7
a 720 721 8
a 721 720 8
a 721 722 1
a 722 721 1
a 722 723 2
a 723 722 2
a 723 724 9
a 724 723 9
a 724 725 4
a 725 724 4
a 725 726 2
a 726 725 2
a 726 727 2
a 727 726 2
a 727 728 2
a 728 727 2
a 728 729 9
a 729 728 9
a 729 730 6
a 730 729 6
a 730 731 8
a 731 730 8
a 731 732 10
a 732 731 10
a 732 733 6
a 733 732 6
a 733 734 9
a 734 733 9
a 734 735 7
a 735 734 7
a 735 736 5
a 736 735 5
a 736 737 6
a 737 736 6
a 737 738 8
a 738 737 8
a 738 739 1
a 739 738 1
a 739 740 5
a 740 739 5
a 740 741 10
a 741 740 10
a 741 742 4
a 742 741 4
a 742 743 8
a 743 742 8
a 743 744 7
a 744 743 7
a 744 745 1
a 745 744 1
a 745 746 3
a 746 745 3
a 746 747 7
a 747 746 7
a 747 748 6
a 748 747 6
a 748 749 2
a 749 748 2
a 749 750 8
a 750 749 8
a 750 751 4
a 751 750 4
a 751 752 8
a 752 751 8
a 752 753 4
a 753 752 4
a 753 754 3
a 754 753 3
a 754 755 9
a 755 754 9
a 755 756 4
a 756 755 4
a 756 757 8
a 757 756 8
a 757 758 9
a 758 757 9
a 758 759 3
a 759 758 3
a 759 760 8
a 760 759 8
a 760 761 3
a 761 760 3
a 761 762 10
a 762 761 10
a 762 763 4
a 763 762 4
a 763 764 3
a 764 763 3
a 764 765 5
a 765 764 5
a 765 766 4
a 766 765 4
a 766 767 8
a 767 766 8
a 767 768 3
a 768 767 3
a 768 769 10
a 769 768 10
a 769 770 1
a 770 769 1
a 770 771 9
a 771 770 9
a 771 772 9
a 772 771 9
a 772 773 6
a 773 772 6
a 773 774 4
a 774 773 4
a 774 775 5
a 775 774 5
a 775 776 9
a 776 775 9
a 776 777 4
a 777 776 4
a 777 778 2
a 778 777 2
a 778 779 5
a 779 778 5
a 779 780 6
a 780 779 6
a 780 781 3
a 781 780 3
a 781 782 8
a 782 781 8
a 782 783 2
a 783 782 2
a 783 784 2
a 784 783 2
a 784 785 9
a 785 784 9
a 785 786 8
a 786 785 8
a 786 787 8
a 787 786 8
a 787 788 2
a 788 787 2
a 788 789 10
a 789 788 10
a 789 790 2
a 790 789 2
a 790 791 4
a 791 790 4
a 791 792 5
a 792 791 5
a 792 793 10
a 793 792 10
a 793 794 10
a 794 793 10
a 794 795 10
a 795 794 10
a 795 796 4
a 796 795 4
a 796 797 8
a 797 796 8
a 797 798 5
a 798 797 5
a 798 799 2
a 799 798 2
a 799 800 6
a 800 799 6
a 800 801 3
a 801 800 3
a 801 802 4
a 802 801 4
a 802 803 6
a 803 802 6
a 803 804 9
a 804 803 9
a 804 805 6
a 805 804 6
a 805 806 9
a 806 805 9
a 806 807 7
a 807 806 7
a 807 808 6
a 808 807 6
a 808 809 4
a 809 808 4
a 809 810 4
a 810 809 4
a 810 811 8
a 811 810 8
a 811 812 8
a 812 811 8
a 812 813 10
a 813 812 10
a 813 814 1
a 814 813 1
a 814 815 1
a 815 814 1
a 815 816 10
a 816 815 10
a 816 817 6
a 817 816 6
a 817 818 6
a 818 817 6
a 818 819 8
a 819 818 8
a 819 820 4
a 820 819 4
a 820 821 9
a 821 820 9
a 821 822 3
a 822 821 3
a 822 823 5
a 823 822 5
a 823 824 10
a 824 823 10
a 824 825 7
a 825 824 7
a 825 826 6
a 826 825 6
a 826 827 5
a 827 826 5
a 827 828 2
a 828 827 2
a 828 829 5
a 829 828 5
a 829 830 1
a 830 829 1
a 830 831 6
a 831 830 6
a 831 832 4
a 832 831 4
a 832 833 4
a 833 832 4
a 833 834 2
a 834 833 2
a 834 835 6
a 835 834 6
a 835 836 2
a 836 835 2
a 836 837 6
a 837 836 6
a 837 838 5
a 838 837 5
a 838 839 8
a 839 838 8
a 839 840 3
a 840 839 3
a 840 841 4
a 841 840 4
a 841 842 4
a 842 841 4
a 842 843 2
a 843 842 2
a 843 844 8
a 844 843 8
a 844 845 4
a 845 844 4
a 845 846 5
a 846 845 5
a 846 847 1
a 847 846 1
a 847 848 2
a 848 847 2
a 848 849 10
a 849 848 10
a 849 850 1
a 850 849 1
a 850 851 3
a 851 850 3
a 851 852 1
a 852 851 1
a 852 853 4
a 853 852 4
a 853 854 1
a 854 853 1
a 854 855 6
a 855 854 6
a 855 856 10
a 856 855 10
a 856 857 10
a 857 856 10
a 857 858 1
a 858 857 1
a 858 859 10
a 859 858 10
a 859 860 3
a 860 859 3
a 860 861 3
a 861 860 3
a 861 862 5
a 862 861 5
a 862 863 2
a 863 862 2
a 863 864 7
a 864 863 7
a 864 865 10
a 865 864 10
a 865 866 10
a 866 865 10
a 866 867 8
a 867 866 8
a 867 868 7
a 868 867 7
a 868 869 6
a 869 868 6
a 869 870 3
a 870 869 3
a 870 871 9
a 871 870 9
a 871 872 6
a 872 871 6
a 872 873 4
a 873 872 4
a 873 874 1
a 874 873 1
a 874 875 9
a 875 874 9
a 875 876 2
a 876 875 2
a 876 877 4
a 877 876 4
a 877 878 10
a 878 877 10
a 878 879 6
a 879 878 6
a 879 880 3
a 880 879 3
a 880 881 2
a 881 880 2
a 881 882 9
a 882 881 9
a 882 883 7
a 883 882 7
a 883 884 8
a 884 883 8
a 884 885 4
a 885 884 4
a 885 886 10
a 886 885 10
a 886 887 4
a 887 886 4
a 887 888 3
a 888 887 3
a 888 889 5
a 889 888 5
a 889 890 3
a 890 889 3
a 890 891 3
a 891 890 3
a 891 892 3
a 892 891 3
a 892 893 4
a 893 892 4
a 893 894 8
a 894 893 8
a 894 895 4
a 895 894 4
a 895 896 4
a 896 895 4
a 896 897 10
a 897 896 10
a 897 898 4
a 898 897 4
a 898 899 6
a 899 898 6
a 899 900 4
a 900 899 4
a 900 901 9
a 901 900 9
a 901 902 10
a 902 901 10
a 902 903 4
a 903 902 4
a 903 904 4
a 904 903 4
a 904 905 7
a 905 904 7
a 905 906 2
a 906 905 2
a 906 907 10
a 907 906 10
a 907 908 3
a 908 907 3
a 908 909 7
a 909 908 7
a 909 910 2
a 910 909 2
a 910 911 7
a 911 910 7
a 911 912 9
a 912 911 9
a 912 913 4
a 913 912 4
a 913 914 7
a 914 913 7
a 914 915 8
a 915 914 8
a 915 916 1
a 916 915 1
a 916 917 9
a 917 916 9
a 917 918 3
a 918 917 3
a 918 919 10
a 919 918 10
a 919 920 6
a 920 919 6
a 920 921 9
a 921 920 9
a 921 922 8
a 922 921 8
a 922 923 1
a 923 922 1
a 923 924 1
a 924 923 1
a 924 925 8
a 925 924 8
a 925 926 5
a 926 925 5
a 926 927 5
a 927 926 5
a 927 928 10
a 928 927 10
a 928 929 7
a 929 928 7
a 929 930 2
a 930 929 2
a 930 931 8
a 931 930 8
a 931 932 9
a 932 931 9
a 932 933 6
a 933 932 6
a 933 934 4
a 934 933 4
a 934 935 7
a 935 934 7
a 935 936 1
a 936 935 1
a 936 937 1
a 937 936 1
a 937 938 9
a 938 937 9
a 938 939 10
a 939 938 10
a 939 940 9
a 940 939 9
a 940 941 8
a 941 940 8
a 941 942 6
a 942 941 6
a 942 943 9
a 943 942 9
a 943 944 9
a 944 943 9
a 944 945 8
a 945 944 8
a 945 946 6
a 946 945 6
a 946 947 2
a 947 946 2
a 947 948 9
a 948 947 9
a 948 949 10
a 949 948 10
a 949 950 4
a 950 949 4
a 950 951 10
a 951 950 10
a 951 952 6
a 952 951 6
a 952 953 3
a 953 952 3
a 953 954 2
a 954 953 2
a 954 955 1
a 955 954 1
a 955 956 4
a 956 955 4
a 956 957 2
a 957 956 2
a 957 958 5
a 958 957 5
a 958 959 3
a 959 958 3
a 959 960 9
a 960 959 9
a 960 961 2
a 961 960 2
a 961 962 10
a 962 961 10
a 962 963 10
a 963 962 10
a 963 964 4
a 964 963 4
a 964 965 7
a 965 964 7
a 965 966 10
a 966 965 10
a 966 967 3
a 967 966 3
a 967 968 10
a 968 967 10
a 968 969 8
a 969 968 8
a 969 970 8
a 970 969 8
a 970 971 10
a 971 970 10
a 971 972 4
a 972 971 4
a 972 973 5
a 973 972 5
a 973 974 6
a 974 973 6
a 974 975 4
a 975 974 4
a 975 976 8
a 976 975 8
a 976 977 4
a 977 976 4
a 977 978 10
a 978 977 10
a 978 979 1
a 979 978 1
a 979 980 5
a 980 979 5
a 980 981 4
a 981 980 4
a 981 982 5
a 982 981 5
a 982 983 3
a 983 982 3
a 983 984 2
a 984 983 2
a 984 985 4
a 985 984 4
a 985 986 4
a 986 985 4
a 986 987 1
a 987 986 1
a 987 988 9
a 988 987 9
a 988 989 5
a 989 988 5
a 989 990 9
a 990 989 9
a 990 991 2
a 991 990 2
a 991 992 9
a 992 991 9
a 992 993 10
a 993 992 10
a 993 994 5
a 994 993 5
a 994 995 8
a 995 994 8
a 995 996 10
a 996 995 10
a 996 997 3
a 997 996 3
a 997 998 10
a 998 997 10
a 998 999 4
a 999 998 4
a 999 1000 7
a 1000 999 7
