1000 2000
a 1 2 8
a 2 1 8
a 2 3 5
a 3 2 5
a 3 4 4
a 4 3 4
a 4 5 5
a 5 4 5
a 5 6 2
a 6 5 2
a 6 7 3
a 7 6 3
a 7 8 3
a 8 7 3
a 8 9 7
a 9 8 7
a 9 10 1
a 10 9 1
a 10 11 8
a 11 10 8
a 11 12 4
a 12 11 4
a 12 13 3
a 13 12 3
a 13 14 1
a 14 13 1
a 14 15 10
a 15 14 10
a 15 16 6
a 16 15 6
a 16 17 3
a 17 16 3
a 17 18 7
a 18 17 7
a 18 19 3
a 19 18 3
a 19 20 5
a 20 19 5
a 20 21 9
a 21 20 9
a 21 22 10
a 22 21 10
a 22 23 2
a 23 22 2
a 23 24 7
a 24 23 7
a 24 25 5
a 25 24 5
a 25 26 7
a 26 25 7
a 26 27 10
a 27 26 10
a 27 28 5
a 28 27 5
a 28 29 9
a 29 28 9
a 29 30 10
a 30 29 10
a 30 31 4
a 31 30 4
a 31 32 3
a 32 31 3
a 32 33 4
a 33 32 4
a 33 34 7
a 34 33 7
a 34 35 5
a 35 34 5
a 35 36 4
a 36 35 4
a 36 37 7
a 37 36 7
a 37 38 7
a 38 37 7
a 38 39 8
a 39 38 8
a 39 40 5
a 40 39 5
a 40 41 4
a 41 40 4
a 41 42 7
a 42 41 7
a 42 43 9
a 43 42 9
a 43 44 10
a 44 43 10
a 44 45 1
a 45 44 1
a 45 46 9
a 46 45 9
a 46 47 1
a 47 46 1
a 47 48 8
a 48 47 8
a 48 49 8
a 49 48 8
a 49 50 5
a 50 49 5
a 50 51 1
a 51 50 1
a 51 52 1
a 52 51 1
a 52 53 6
a 53 52 6
a 53 54 10
a 54 53 10
a 54 55 7
a 55 54 7
a 55 56 10
a 56 55 10
a 56 57 8
a 57 56 8
a 57 58 8
a 58 57 8
a 58 59 2
a 59 58 2
a 59 60 9
a 60 59 9
a 60 61 4
a 61 60 4
a 61 62 2
a 62 61 2
a 62 63 8
a 63 62 8
a 63 64 8
a 64 63 8
a 64 65 1
a 65 64 1
a 65 66 5
a 66 65 5
a 66 67 4
a 67 66 4
a 67 68 7
a 68 67 7
a 68 69 10
a 69 68 10
a 69 70 1
a 70 69 1
a 70 71 9
a 71 70 9
a 71 72 9
a 72 71 9
a 72 73 2
a 73 72 2
a 73 74 1
a 74 73 1
a 74 75 9
a 75 74 9
a 75 76 9
a 76 75 9
a 76 77 9
a 77 76 9
a 77 78 7
a 78 77 7
a 78 79 1
a 79 78 1
a 79 80 3
a 80 79 3
a 80 81 5
a 81 80 5
a 81 82 6
a 82 81 6
a 82 83 5
a 83 82 5
a 83 84 1
a 84 83 1
a 84 85 8
a 85 84 8
a 85 86 8
a 86 85 8
a 86 87 2
a 87 86 2
a 87 88 8
a 88 87 8
a 88 89 8
a 89 88 8
a 89 90 9
a 90 89 9
a 90 91 10
a 91 90 10
a 91 92 3
a 92 91 3
a 92 93 2
a 93 92 2
a 93 94 10
a 94 93 10
a 94 95 7
a 95 94 7
a 95 96 10
a 96 95 10
a 96 97 10
a 97 96 10
a 97 98 9
a 98 97 9
a 98 99 1
a 99 98 1
a 99 100 9
a 100 99 9
a 100 101 1
a 101 100 1
a 101 102 3
a 102 101 3
a 102 103 6
a 103 102 6
a 103 104 6
a 104 103 6
a 104 105 2
a 105 104 2
a 105 106 4
a 106 105 4
a 106 107 2
a 107 106 2
a 107 108 6
a 108 107 6
a 108 109 9
a 109 108 9
a 109 110 5
a 110 109 5
a 110 111 9
a 111 110 9
a 111 112 3
a 112 111 3
a 112 113 5
a 113 112 5
a 113 114 7
a 114 113 7
a 114 115 7
a 115 114 7
a 115 116 9
a 116 115 9
a 116 117 2
a 117 116 2
a 117 118 1
a 118 117 1
a 118 119 1
a 119 118 1
a 119 120 3
a 120 119 3
a 120 121 8
a 121 120 8
a 121 122 4
a 122 121 4
a 122 123 2
a 123 122 2
a 123 124 4
a 124 123 4
a 124 125 7
a 125 124 7
a 125 126 10
a 126 125 10
a 126 127 10
a 127 126 10
a 127 128 4
a 128 127 4
a 128 129 6
a 129 128 6
a 129 130 3
a 130 129 3
a 130 131 10
a 131 130 10
a 131 132 1
a 132 131 1
a 132 133 2
a 133 132 2
a 133 134 2
a 134 133 2
a 134 135 3
a 135 134 3
a 135 136 10
a 136 135 10
a 136 137 4
a 137 136 4
a 137 138 3
a 138 137 3
a 138 139 4
a 139 138 4
a 139 140 1
a 140 139 1
a 140 141 5
a 141 140 5
a 141 142 1
a 142 141 1
a 142 143 5
a 143 142 5
a 143 144 6
a 144 143 6
a 144 145 8
a 145 144 8
a 144 558 10
a 558 144 10
a 145 146 3
a 146 145 3
a 146 147 10
a 147 146 10
a 147 148 4
a 148 147 4
a 148 149 3
a 149 148 3
a 149 150 10
a 150 149 10
a 150 151 10
a 151 150 10
a 151 152 9
a 152 151 9
a 152 153 7
a 153 152 7
a 153 154 2
a 154 153 2
a 154 155 7
a 155 154 7
a 155 156 9
a 156 155 9
a 156 157 5
a 157 156 5
a 157 158 9
a 158 157 9
a 158 159 2
a 159 158 2
a 159 160 9
a 160 159 9
a 160 161 2
a 161 160 2
a 161 162 3
a 162 161 3
a 162 163 5
a 163 162 5
a 163 164 5
a 164 163 5
a 164 165 6
a 165 164 6
a 165 166 8
a 166 165 8
a 166 167 8
a 167 166 8
a 167 168 3
a 168 167 3
a 168 169 8
a 169 168 8
a 169 170 1
a 170 169 1
a 170 171 7
a 171 170 7
a 171 172 2
a 172 171 2
a 172 173 7
a 173 172 7
a 173 174 4
a 174 173 4
a 174 175 4
a 175 174 4
a 175 176 7
a 176 175 7
a 176 177 9
a 177 176 9
a 177 178 6
a 178 177 6
a 178 179 4
a 179 178 4
a 179 180 1
a 180 179 1
a 180 181 8
a 181 180 8
a 181 182 8
a 182 181 8
a 182 183 2
a 183 182 2
a 183 184 2
a 184 183 2
a 184 185 5
a 185 184 5
a 185 186 7
a 186 185 7
a 186 187 9
a 187 186 9
a 187 188 2
a 188 187 2
a 188 189 7
a 189 188 7
a 189 190 6
a 190 189 6
a 190 191 7
a 191 190 7
a 191 192 7
a 192 191 7
a 192 193 2
a 193 192 2
a 193 194 10
a 194 193 10
a 194 195 2
a 195 194 2
a 195 196 10
a 196 195 10
a 196 197 1
a 197 196 1
a 197 198 7
a 198 197 7
a 198 199 4
a 199 198 4
a 199 200 7
a 200 199 7
a 200 201 3
a 201 200 3
a 201 202 4
a 202 201 4
a 202 203 8
a 203 202 8
a 203 204 7
a 204 203 7
a 204 205 8
a 205 204 8
a 205 206 1
a 206 205 1
a 206 207 3
a 207 206 3
a 207 208 1
a 208 207 1
a 208 209 7
a 209 208 7
a 209 210 9
a 210 209 9
a 210 211 6
a 211 210 6
a 211 212 9
a 212 211 9
a 212 213 9
a 213 212 9
a 213 214 5
a 214 213 5
a 214 215 8
a 215 214 8
a 215 216 6
a 216 215 6
a 216 217 2
a 217 216 2
a 217 218 4
a 218 217 4
a 218 219 5
a 219 218 5
a 219 220 10
a 220 219 10
a 220 221 9
a 221 220 9
a 221 222 5
a 222 221 5
a 222 223 6
a 223 222 6
a 223 224 3
a 224 223 3
a 224 225 10
a 225 224 10
a 225 226 2
a 226 225 2
a 226 227 8
a 227 226 8
a 227 228 4
a 228 227 4
a 228 229 5
a 229 228 5
a 229 230 2
a 230 229 2
a 230 231 4
a 231 230 4
a 231 232 4
a 232 231 4
a 232 233 10
a 233 232 10
a 233 234 1
a 234 233 1
a 234 235 9
a 235 234 9
a 235 236 5
a 236 235 5
a 236 237 3
a 237 236 3
a 237 238 2
a 238 237 2
a 238 239 10
a 239 238 10
a 239 240 6
a 240 239 6
a 240 241 9
a 241 240 9
a 241 242 10
a 242 241 10
a 242 243 4
a 243 242 4
a 243 244 5
a 244 243 5
a 244 245 3
a 245 244 3
a 245 246 7
a 246 245 7
a 246 247 10
a 247 246 10
a 247 248 7
a 248 247 7
a 248 249 1
a 249 248 1
a 249 250 4
a 250 249 4
a 250 251 5
a 251 250 5
a 251 252 8
a 252 251 8
a 252 253 2
a 253 252 2
a 253 254 7
a 254 253 7
a 254 255 7
a 255 254 7
a 255 256 6
a 256 255 6
a 256 257 5
a 257 256 5
a 257 258 4
a 258 257 4
a 258 259 9
a 259 258 9
a 259 260 5
a 260 259 5
a 260 261 4
a 261 260 4
a 261 262 9
a 262 261 9
a 262 263 8
a 263 262 8
a 263 264 10
a 264 263 10
a 264 265 4
a 265 264 4
a 265 266 3
a 266 265 3
a 266 267 9
a 267 266 9
a 267 268 2
a 268 267 2
a 268 269 2
a 269 268 2
a 269 270 9
a 270 269 9
a 270 271 8
a 271 270 8
a 271 272 2
a 272 271 2
a 272 273 6
a 273 272 6
a 273 274 4
a 274 273 4
a 274 275 7
a 275 274 7
a 275 276 3
a 276 275 3
a 276 277 10
a 277 276 10
a 277 278 8
a 278 277 8
a 278 279 5
a 279 278 5
a 279 280 9
a 280 279 9
a 280 281 3
a 281 280 3
a 281 282 7
a 282 281 7
a 282 283 1
a 283 282 1
a 283 284 10
a 284 283 10
a 284 285 9
a 285 284 9
a 285 286 9
a 286 285 9
a 286 287 3
a 287 286 3
a 287 288 4
a 288 287 4
a 288 289 8
a 289 288 8
a 289 290 3
a 290 289 3
a 290 291 1
a 291 290 1
a 291 292 3
a 292 291 3
a 292 293 8
a 293 292 8
a 293 294 10
a 294 293 10
a 294 295 7
a 295 294 7
a 295 296 2
a 296 295 2
a 296 297 6
a 297 296 6
a 297 298 1
a 298 297 1
a 298 299 6
a 299 298 6
a 299 300 5
a 300 299 5
a 300 301 2
a 301 300 2
a 301 302 10
a 302 301 10
a 302 303 8
a 303 302 8
a 303 304 6
a 304 303 6
a 304 305 6
a 305 304 6
a 305 306 2
a 306 305 2
a 306 307 6
a 307 306 6
a 307 308 5
a 308 307 5
a 308 309 2
a 309 308 2
a 309 310 3
a 310 309 3
a 310 311 9
a 311 310 9
a 311 312 6
a 312 311 6
a 312 313 8
a 313 312 8
a 313 314 4
a 314 313 4
a 314 315 2
a 315 314 2
a 315 316 10
a 316 315 10
a 316 317 6
a 317 316 6
a 317 318 8
a 318 317 8
a 318 319 7
a 319 318 7
a 319 320 8
a 320 319 8
a 320 321 10
a 321 320 10
a 321 322 6
a 322 321 6
a 322 323 7
a 323 322 7
a 323 324 7
a 324 323 7
a 324 325 7
a 325 324 7
a 325 326 10
a 326 325 10
a 326 327 2
a 327 326 2
a 327 328 1
a 328 327 1
a 328 329 1
a 329 328 1
a 329 330 4
a 330 329 4
a 330 331 4
a 331 330 4
a 331 332 8
a 332 331 8
a 332 333 7
a 333 332 7
a 333 334 4
a 334 333 4
a 334 335 1
a 335 334 1
a 335 336 7
a 336 335 7
a 336 337 8
a 337 336 8
a 337 338 1
a 338 337 1
a 338 339 2
a 339 338 2
a 339 340 4
a 340 339 4
a 340 341 10
a 341 340 10
a 341 342 2
a 342 341 2
a 342 343 8
a 343 342 8
a 343 344 9
a 344 343 9
a 344 345 2
a 345 344 2
a 345 346 10
a 346 345 10
a 346 347 8
a 347 346 8
a 347 348 3
a 348 347 3
a 348 349 10
a 349 348 10
a 349 350 7
a 350 349 7
a 350 351 3
a 351 350 3
a 351 352 10
a 352 351 10
a 352 353 10
a 353 352 10
a 353 354 4
a 354 353 4
a 354 355 7
a 355 354 7
a 355 356 8
a 356 355 8
a 356 357 5
a 357 356 5
a 357 358 8
a 358 357 8
a 358 359 9
a 359 358 9
a 359 360 10
a 360 359 10
a 360 361 1
a 361 360 1
a 361 362 7
a 362 361 7
a 362 363 7
a 363 362 7
a 363 364 6
a 364 363 6
a 364 365 3
a 365 364 3
a 365 366 2
a 366 365 2
a 366 367 5
a 367 366 5
a 367 368 10
a 368 367 10
a 368 369 10
a 369 368 10
a 369 370 4
a 370 369 4
a 370 371 7
a 371 370 7
a 371 372 9
a 372 371 9
a 372 373 7
a 373 372 7
a 373 374 9
a 374 373 9
a 374 375 9
a 375 374 9
a 375 376 5
a 376 375 5
a 376 377 9
a 377 376 9
a 377 378 4
a 378 377 4
a 378 379 6
a 379 378 6
a 379 380 3
a 380 379 3
a 380 381 9
a 381 380 9
a 381 382 1
a 382 381 1
a 382 383 5
a 383 382 5
a 383 384 1
a 384 383 1
a 384 385 5
a 385 384 5
a 385 386 6
a 386 385 6
a 386 387 9
a 387 386 9
a 387 388 10
a 388 387 10
a 388 389 6
a 389 388 6
a 389 390 10
a 390 389 10
a 390 391 7
a 391 390 7
a 391 392 1
a 392 391 1
a 392 393 6
a 393 392 6
a 393 394 9
a 394 393 9
a 394 395 3
a 395 394 3
a 395 396 8
a 396 395 8
a 396 397 5
a 397 396 5
a 397 398 10
a 398 397 10
a 398 399 2
a 399 398 2
a 399 400 1
a 400 399 1
a 400 401 4
a 401 400 4
a 401 402 7
a 402 401 7
a 402 403 6
a 403 402 6
a 403 404 1
a 404 403 1
a 404 405 8
a 405 404 8
a 405 406 8
a 406 405 8
a 406 407 5
a 407 406 5
a 407 408 10
a 408 407 10
a 408 409 10
a 409 408 10
a 409 410 6
a 410 409 6
a 410 411 10
a 411 410 10
a 411 412 6
a 412 411 6
a 412 413 3
a 413 412 3
a 413 414 1
a 414 413 1
a 414 415 8
a 415 414 8
a 415 416 9
a 416 415 9
a 416 417 9
a 417 416 9
a 417 418 10
a 418 417 10
a 418 419 10
a 419 418 10
a 419 420 8
a 420 419 8
a 420 421 9
a 421 420 9
a 421 422 5
a 422 421 5
a 422 423 2
a 423 422 2
a 423 424 5
a 424 423 5
a 424 425 2
a 425 424 2
a 425 426 8
a 426 425 8
a 426 427 6
a 427 426 6
a 427 428 2
a 428 427 2
a 428 429 8
a 429 428 8
a 429 430 3
a 430 429 3
a 430 431 1
a 431 430 1
a 431 432 6
a 432 431 6
a 432 433 2
a 433 432 2
a 433 434 1
a 434 433 1
a 434 435 5
a 435 434 5
a 435 436 7
a 436 435 7
a 436 437 6
a 437 436 6
a 437 438 4
a 438 437 4
a 438 439 8
a 439 438 8
a 439 440 7
a 440 439 7
a 440 441 7
a 441 440 7
a 441 442 10
a 442 441 10
a 442 443 5
a 443 442 5
a 443 444 7
a 444 443 7
a 444 445 8
a 445 444 8
a 445 446 1
a 446 445 1
a 446 447 7
a 447 446 7
a 447 448 3
a 448 447 3
a 448 449 7
a 449 448 7
a 449 450 10
a 450 449 10
a 450 451 8
a 451 450 8
a 451 452 7
a 452 451 7
a 452 453 2
a 453 452 2
a 453 454 4
a 454 453 4
a 454 455 1
a 455 454 1
a 455 456 4
a 456 455 4
a 456 457 4
a 457 456 4
a 457 458 4
a 458 457 4
a 458 459 7
a 459 458 7
a 459 460 3
a 460 459 3
a 460 461 6
a 461 460 6
a 461 462 8
a 462 461 8
a 462 463 10
a 463 462 10
a 463 464 1
a 464 463 1
a 464 465 9
a 465 464 9
a 465 466 7
a 466 465 7
a 466 467 2
a 467 466 2
a 467 468 5
a 468 467 5
a 468 469 5
a 469 468 5
a 469 470 5
a 470 469 5
a 470 471 3
a 471 470 3
a 471 472 4
a 472 471 4
a 472 473 2
a 473 472 2
a 473 474 9
a 474 473 9
a 474 475 10
a 475 474 10
a 475 476 3
a 476 475 3
a 476 477 4
a 477 476 4
a 477 478 7
a 478 477 7
a 478 479 3
a 479 478 3
a 479 480 2
a 480 479 2
a 480 481 6
a 481 480 6
a 481 482 9
a 482 481 9
a 482 483 4
a 483 482 4
a 483 484 10
a 484 483 10
a 484 485 4
a 485 484 4
a 485 486 9
a 486 485 9
a 486 487 2
a 487 486 2
a 487 488 10
a 488 487 10
a 488 489 10
a 489 488 10
a 489 490 6
a 490 489 6
a 490 491 1
a 491 490 1
a 491 492 4
a 492 491 4
a 492 493 10
a 493 492 10
a 493 494 8
a 494 493 8
a 494 495 4
a 495 494 4
a 495 496 10
a 496 495 10
a 496 497 1
a 497 496 1
a 497 498 5
a 498 497 5
a 498 499 3
a 499 498 3
a 499 500 4
a 500 499 4
a 500 501 10
a 501 500 10
a 501 502 8
a 502 501 8
a 502 503 7
a 503 502 7
a 503 504 3
a 504 503 3
a 504 505 2
a 505 504 2
a 505 506 6
a 506 505 6
a 506 507 5
a 507 506 5
a 507 508 4
a 508 507 4
a 508 509 1
a 509 508 1
a 509 510 9
a 510 509 9
a 510 511 4
a 511 510 4
a 511 512 3
a 512 511 3
a 512 513 8
a 513 512 8
a 513 514 2
a 514 513 2
a 514 515 10
a 515 514 10
a 515 516 8
a 516 515 8
a 516 517 6
a 517 516 6
a 517 518 3
a 518 517 3
a 518 519 8
a 519 518 8
a 519 520 4
a 520 519 4
a 520 521 4
a 521 520 4
a 521 522 10
a 522 521 10
a 522 523 1
a 523 522 1
a 523 524 9
a 524 523 9
a 524 525 10
a 525 524 10
a 525 526 7
a 526 525 7
a 526 527 3
a 527 526 3
a 527 528 9
a 528 527 9
a 528 529 7
a 529 528 7
a 529 530 2
a 530 529 2
a 530 531 5
a 531 530 5
a 531 532 7
a 532 531 7
a 532 533 7
a 533 532 7
a 533 534 7
a 534 533 7
a 534 535 9
a 535 534 9
a 535 536 8
a 536 535 8
a 536 537 9
a 537 536 9
a 537 538 8
a 538 537 8
a 538 539 3
a 539 538 3
a 539 540 7
a 540 539 7
a 540 541 8
a 541 540 8
a 541 542 10
a 542 541 10
a 542 543 4
a 543 542 4
a 543 544 6
a 544 543 6
a 544 545 5
a 545 544 5
a 545 546 10
a 546 545 10
a 546 547 10
a 547 546 10
a 547 548 3
a 548 547 3
a 548 549 7
a 549 548 7
a 549 550 5
a 550 549 5
a 550 551 1
a 551 550 1
a 551 552 2
a 552 551 2
a 552 553 4
a 553 552 4
a 553 554 1
a 554 553 1
a 554 555 2
a 555 554 2
a 555 556 3
a 556 555 3
a 556 557 2
a 557 556 2
a 557 558 1
a 558 557 1
a 558 559 6
a 559 558 6
a 559 560 2
a 560 559 2
a 560 561 5
a 561 560 5
a 561 562 2
a 562 561 2
a 562 563 7
a 563 562 7
a 563 564 3
a 564 563 3
a 564 565 8
a 565 564 8
a 565 566 2
a 566 565 2
a 566 567 2
a 567 566 2
a 567 568 10
a 568 567 10
a 568 569 7
a 569 568 7
a 569 570 6
a 570 569 6
a 570 571 9
a 571 570 9
a 571 572 10
a 572 571 10
a 572 573 6
a 573 572 6
a 573 574 9
a 574 573 9
a 574 575 8
a 575 574 8
a 575 576 1
a 576 575 1
a 576 577 8
a 577 576 8
a 577 578 5
a 578 577 5
a 578 579 2
a 579 578 2
a 579 580 8
a 580 579 8
a 580 581 2
a 581 580 2
a 581 582 8
a 582 581 8
a 582 583 1
a 583 582 1
a 583 584 7
a 584 583 7
a 584 585 10
a 585 584 10
a 585 586 5
a 586 585 5
a 586 587 3
a 587 586 3
a 587 588 10
a 588 587 10
a 588 589 1
a 589 588 1
a 589 590 10
a 590 589 10
a 590 591 10
a 591 590 10
a 591 592 10
a 592 591 10
a 592 593 10
a 593 592 10
a 593 594 9
a 594 593 9
a 594 595 5
a 595 594 5
a 595 596 7
a 596 595 7
a 596 597 3
a 597 596 3
a 597 598 5
a 598 597 5
a 598 599 6
a 599 598 6
a 599 600 1
a 600 599 1
a 600 601 2
a 601 600 2
a 601 602 9
a 602 601 9
a 602 603 7
a 603 602 7
a 603 604 7
a 604 603 7
a 604 605 4
a 605 604 4
a 605 606 6
a 606 605 6
a 606 607 4
a 607 606 4
a 607 608 1
a 608 607 1
a 608 609 9
a 609 608 9
a 609 610 4
a 610 609 4
a 610 611 1
a 611 610 1
a 611 612 3
a 612 611 3
a 612 613 1
a 613 612 1
a 613 614 7
a 614 613 7
a 614 615 5
a 615 614 5
a 615 616 10
a 616 615 10
a 616 617 1
a 617 616 1
a 617 618 4
a 618 617 4
a 618 619 5
a 619 618 5
a 619 620 7
a 620 619 7
a 620 621 6
a 621 620 6
a 621 622 3
a 622 621 3
a 622 623 7
a 623 622 7
a 623 624 2
a 624 623 2
a 624 625 1
a 625 624 1
a 625 626 1
a 626 625 1
a 626 627 7
a 627 626 7
a 627 628 1
a 628 627 1
a 628 629 9
a 629 628 9
a 629 630 2
a 630 629 2
a 630 631 1
a 631 630 1
a 631 632 5
a 632 631 5
a 632 633 2
a 633 632 2
a 633 634 1
a 634 633 1
a 634 635 5
a 635 634 5
a 635 636 6
a 636 635 6
a 636 637 8
a 637 636 8
a 637 638 2
a 638 637 2
a 638 639 10
a 639 638 10
a 639 640 4
a 640 639 4
a 640 641 3
a 641 640 3
a 641 642 1
a 642 641 1
a 642 643 9
a 643 642 9
a 643 644 7
a 644 643 7
a 644 645 2
a 645 644 2
a 645 646 3
a 646 645 3
a 646 647 8
a 647 646 8
a 647 648 6
a 648 647 6
a 648 649 9
a 649 648 9
a 649 650 7
a 650 649 7
a 650 651 7
a 651 650 7
a 651 652 4
a 652 651 4
a 652 653 4
a 653 652 4
a 653 654 2
a 654 653 2
a 654 655 9
a 655 654 9
a 655 656 9
a 656 655 9
a 656 657 2
a 657 656 2
a 657 658 8
a 658 657 8
a 658 659 5
a 659 658 5
a 659 660 3
a 660 659 3
a 660 661 5
a 661 660 5
a 661 662 4
a 662 661 4
a 662 663 5
a 663 662 5
a 663 664 6
a 664 663 6
a 664 665 6
a 665 664 6
a 665 666 7
a 666 665 7
a 666 667 2
a 667 666 2
a 667 668 9
a 668 667 9
a 668 669 2
a 669 668 2
a 669 670 1
a 670 669 1
a 670 671 7
a 671 670 7
a 671 672 1
a 672 671 1
a 672 673 7
a 673 672 7
a 673 674 5
a 674 673 5
a 674 675 10
a 675 674 10
a 675 676 4
a 676 675 4
a 676 677 2
a 677 676 2
a 677 678 7
a 678 677 7
a 678 679 7
a 679 678 7
a 679 680 4
a 680 679 4
a 680 681 4
a 681 680 4
a 681 682 3
a 682 681 3
a 682 683 1
a 683 682 1
a 683 684 6
a 684 683 6
a 684 685 7
a 685 684 7
a 685 686 9
a 686 685 9
a 686 687 10
a 687 686 10
a 687 688 7
a 688 687 7
a 688 689 7
a 689 688 7
a 689 690 4
a 690 689 4
a 690 691 10
a 691 690 10
a 691 692 10
a 692 691 10
a 692 693 6
a 693 692 6
a 693 694 1
a 694 693 1
a 694 695 10
a 695 694 10
a 695 696 6
a 696 695 6
a 696 697 2
a 697 696 2
a 697 698 10
a 698 697 10
a 698 699 3
a 699 698 3
a 699 700 9
a 700 699 9
a 700 701 7
a 701 700 7
a 701 702 9
a 702 701 9
a 702 703 8
a 703 702 8
a 703 704 5
a 704 703 5
a 704 705 6
a 705 704 6
a 705 706 8
a 706 705 8
a 706 707 5
a 707 706 5
a 707 708 7
a 708 707 7
a 708 709 9
a 709 708 9
a 709 710 9
a 710 709 9
a 710 711 8
a 711 710 8
a 711 712 9
a 712 711 9
a 712 713 9
a 713 712 9
a 713 714 9
a 714 713 9
a 714 715 9
a 715 714 9
a 715 716 10
a 716 715 10
a 716 717 5
a 717 716 5
a 717 718 6
a 718 717 6
a 718 719 10
a 719 718 10
a 719 720 1
a 720 719 1
a 720 721 3
a 721 720 3
a 721 722 7
a 722 721 7
a 722 723 7
a 723 722 7
a 723 724 2
a 724 723 2
a 724 725 2
a 725 724 2
a 725 726 10
a 726 725 10
a 726 727 7
a 727 726 7
a 727 728 9
a 728 727 9
a 728 729 10
a 729 728 10
a 729 730 5
a 730 729 5
a 730 731 6
a 731 730 6
a 731 732 2
a 732 731 2
a 732 733 1
a 733 732 1
a 733 734 7
a 734 733 7
a 734 735 8
a 735 734 8
a 735 736 7
a 736 735 7
a 736 737 6
a 737 736 6
a 737 738 1
a 738 737 1
a 738 739 3
a 739 738 3
a 739 740 1
a 740 739 1
a 740 741 3
a 741 740 3
a 741 742 1
a 742 741 1
a 742 743 3
a 743 742 3
a 743 744 6
a 744 743 6
a 744 745 9
a 745 744 9
a 745 746 4
a 746 745 4
a 746 747 1
a 747 746 1
a 747 748 4
a 748 747 4
a 748 749 10
a 749 748 10
a 749 750 8
a 750 749 8
a 750 751 9
a 751 750 9
a 751 752 1
a 752 751 1
a 752 753 9
a 753 752 9
a 753 754 3
a 754 753 3
a 754 755 4
a 755 754 4
a 755 756 1
a 756 755 1
a 756 757 8
a 757 756 8
a 757 758 8
a 758 757 8
a 758 759 9
a 759 758 9
a 759 760 8
a 760 759 8
a 760 761 4
a 761 760 4
a 761 762 3
a 762 761 3
a 762 763 8
a 763 762 8
a 763 764 9
a 764 763 9
a 764 765 10
a 765 764 10
a 765 766 9
a 766 765 9
a 766 767 8
a 767 766 8
a 767 768 1
a 768 767 1
a 768 769 6
a 769 768 6
a 769 770 7
a 770 769 7
a 770 771 3
a 771 770 3
a 771 772 5
a 772 771 5
a 772 773 10
a 773 772 10
a 773 774 5
a 774 773 5
a 774 775 2
a 775 774 2
a 775 776 1
a 776 775 1
a 776 777 1
a 777 776 1
a 777 778 6
a 778 777 6
a 778 779 9
a 779 778 9
a 779 780 4
a 780 779 4
a 780 781 9
a 781 780 9
a 781 782 1
a 782 781 1
a 782 783 4
a 783 782 4
a 783 784 2
a 784 783 2
a 784 785 6
a 785 784 6
a 785 786 6
a 786 785 6
a 786 787 9
a 787 786 9
a 787 788 4
a 788 787 4
a 788 789 6
a 789 788 6
a 789 790 3
a 790 789 3
a 790 791 7
a 791 790 7
a 791 792 4
a 792 791 4
a 792 793 1
a 793 792 1
a 793 794 10
a 794 793 10
a 794 795 8
a 795 794 8
a 795 796 1
a 796 795 1
a 796 797 10
a 797 796 10
a 797 798 6
a 798 797 6
a 798 799 3
a 799 798 3
a 799 800 3
a 800 799 3
a 800 801 2
a 801 800 2
a 801 802 3
a 802 801 3
a 802 803 9
a 803 802 9
a 803 804 1
a 804 803 1
a 804 805 5
a 805 804 5
a 805 806 7
a 806 805 7
a 806 807 4
a 807 806 4
a 807 808 2
a 808 807 2
a 808 809 8
a 809 808 8
a 809 810 3
a 810 809 3
a 810 811 7
a 811 810 7
a 811 812 7
a 812 811 7
a 812 813 10
a 813 812 10
a 813 814 8
a 814 813 8
a 814 815 7
a 815 814 7
a 815 816 9
a 816 815 9
a 816 817 10
a 817 816 10
a 817 818 3
a 818 817 3
a 818 819 1
a 819 818 1
a 819 820 8
a 820 819 8
a 820 821 2
a 821 820 2
a 821 822 7
a 822 821 7
a 822 823 7
a 823 822 7
a 823 824 6
a 824 823 6
a 824 825 5
a 825 824 5
a 825 826 5
a 826 825 5
a 826 827 1
a 827 826 1
a 827 828 1
a 828 827 1
a 828 829 10
a 829 828 10
a 829 830 1
a 830 829 1
a 830 831 6
a 831 830 6
a 831 832 7
a 832 831 7
a 832 833 7
a 833 832 7
a 833 834 10
a 834 833 10
a 834 835 1
a 835 834 1
a 835 836 8
a 836 835 8
a 836 837 1
a 837 836 1
a 837 838 10
a 838 837 10
a 838 839 8
a 839 838 8
a 839 840 5
a 840 839 5
a 840 841 9
a 841 840 9
a 841 842 8
a 842 841 8
a 842 843 7
a 843 842 7
a 843 844 1
a 844 843 1
a 844 845 8
a 845 844 8
a 845 846 4
a 846 845 4
a 846 847 6
a 847 846 6
a 847 848 2
a 848 847 2
a 848 849 8
a 849 848 8
a 849 850 3
a 850 849 3
a 850 851 3
a 851 850 3
a 851 852 2
a 852 851 2
a 852 853 5
a 853 852 5
a 853 854 7
a 854 853 7
a 854 855 3
a 855 854 3
a 855 856 1
a 856 855 1
a 856 857 1
a 857 856 1
a 857 858 4
a 858 857 4
a 858 859 1
a 859 858 1
a 859 860 5
a 860 859 5
a 860 861 6
a 861 860 6
a 861 862 7
a 862 861 7
a 862 863 5
a 863 862 5
a 863 864 8
a 864 863 8
a 864 865 5
a 865 864 5
a 865 866 2
a 866 865 2
a 866 867 3
a 867 866 3
a 867 868 6
a 868 867 6
a 868 869 7
a 869 868 7
a 869 870 8
a 870 869 8
a 870 871 1
a 871 870 1
a 871 872 10
a 872 871 10
a 872 873 3
a 873 872 3
a 873 874 2
a 874 873 2
a 874 875 4
a 875 874 4
a 875 876 10
a 876 875 10
a 876 877 2
a 877 876 2
a 877 878 7
a 878 877 7
a 878 879 3
a 879 878 3
a 879 880 7
a 880 879 7
a 880 881 2
a 881 880 2
a 881 882 3
a 882 881 3
a 882 883 9
a 883 882 9
a 883 884 6
a 884 883 6
a 884 885 7
a 885 884 7
a 885 886 9
a 886 885 9
a 886 887 9
a 887 886 9
a 887 888 8
a 888 887 8
a 888 889 8
a 889 888 8
a 889 890 4
a 890 889 4
a 890 891 1
a 891 890 1
a 891 892 9
a 892 891 9
a 892 893 10
a 893 892 10
a 893 894 1
a 894 893 1
a 894 895 8
a 895 894 8
a 895 896 1
a 896 895 1
a 896 897 2
a 897 896 2
a 897 898 8
a 898 897 8
a 898 899 9
a 899 898 9
a 899 900 3
a 900 899 3
a 900 901 1
a 901 900 1
a 901 902 6
a 902 901 6
a 902 903 5
a 903 902 5
a 903 904 2
a 904 903 2
a 904 905 8
a 905 904 8
a 905 906 8
a 906 905 8
a 906 907 10
a 907 906 10
a 907 908 1
a 908 907 1
a 908 909 5
a 909 908 5
a 909 910 6
a 910 909 6
a 910 911 10
a 911 910 10
a 911 912 8
a 912 911 8
a 912 913 3
a 913 912 3
a 913 914 9
a 914 913 9
a 914 915 4
a 915 914 4
a 915 916 7
a 916 915 7
a 916 917 9
a 917 916 9
a 917 918 8
a 918 917 8
a 918 919 6
a 919 918 6
a 919 920 3
a 920 919 3
a 920 921 1
a 921 920 1
a 921 922 2
a 922 921 2
a 922 923 4
a 923 922 4
a 923 924 10
a 924 923 10
a 924 925 2
a 925 924 2
a 925 926 4
a 926 925 4
a 926 927 8
a 927 926 8
a 927 928 3
a 928 927 3
a 928 929 9
a 929 928 9
a 929 930 1
a 930 929 1
a 930 931 3
a 931 930 3
a 931 932 10
a 932 931 10
a 932 933 10
a 933 932 10
a 933 934 5
a 934 933 5
a 934 935 8
a 935 934 8
a 935 936 1
a 936 935 1
a 936 937 2
a 937 936 2
a 937 938 9
a 938 937 9
a 938 939 8
a 939 938 8
a 939 940 1
a 940 939 1
a 940 941 4
a 941 940 4
a 941 942 2
a 942 941 2
a 942 943 9
a 943 942 9
a 943 944 2
a 944 943 2
a 944 945 6
a 945 944 6
a 945 946 2
a 946 945 2
a 946 947 6
a 947 946 6
a 947 948 8
a 948 947 8
a 948 949 1
a 949 948 1
a 949 950 4
a 950 949 4
a 950 951 1
a 951 950 1
a 951 952 4
a 952 951 4
a 952 953 4
a 953 952 4
a 953 954 2
a 954 953 2
a 954 955 7
a 955 954 7
a 955 956 9
a 956 955 9
a 956 957 8
a 957 956 8
a 957 958 4
a 958 957 4
a 958 959 6
a 959 958 6
a 959 960 9
a 960 959 9
a 960 961 8
a 961 960 8
a 961 962 8
a 962 961 8
a 962 963 10
a 963 962 10
a 963 964 8
a 964 963 8
a 964 965 5
a 965 964 5
a 965 966 10
a 966 965 10
a 966 967 6
a 967 966 6
a 967 968 3
a 968 967 3
a 968 969 9
a 969 968 9
a 969 970 4
a 970 969 4
a 970 971 8
a 971 970 8
a 971 972 9
a 972 971 9
a 972 973 4
a 973 972 4
a 973 974 6
a 974 973 6
a 974 975 2
a 975 974 2
a 975 976 10
a 976 975 10
a 976 977 2
a 977 976 2
a 977 978 9
a 978 977 9
a 978 979 6
a 979 978 6
a 979 980 10
a 980 979 10
a 980 981 6
a 981 980 6
a 981 982 10
a 982 981 10
a 982 983 4
a 983 982 4
a 983 984 10
a 984 983 10
a 984 985 9
a 985 984 9
a 985 986 7
a 986 985 7
a 986 987 9
a 987 986 9
a 987 988 2
a 988 987 2
a 988 989 7
a 989 988 7
a 989 990 5
a 990 989 5
a 990 991 7
a 991 990 7
a 991 992 10
a 992 991 10
a 992 993 6
a 993 992 6
a 993 994 7
a 994 993 7
a 994 995 5
a 995 994 5
a 995 996 1
a 996 995 1
a 996 997 2
a 997 996 2
a 997 998 2
a 998 997 2
a 998 999 8
a 999 998 8
a 999 1000 5
a 1000 999 5
