1000 2000
a 1 2 9
a 2 1 9
a 2 3 1
a 3 2 1
a 3 4 8
a 4 3 8
a 4 5 2
a 5 4 2
a 5 6 2
a 6 5 2
a 6 7 4
a 7 6 4
a 7 8 2
a 8 7 2
a 8 9 8
a 9 8 8
a 9 10 5
a 10 9 5
a 10 11 8
a 11 10 8
a 11 12 8
a 12 11 8
a 12 13 5
a 13 12 5
a 13 14 3
a 14 13 3
a 14 15 4
a 15 14 4
a 15 16 4
a 16 15 4
a 16 17 9
a 17 16 9
a 17 18 10
a 18 17 10
a 18 19 7
a 19 18 7
a 19 20 2
a 20 19 2
a 20 21 4
a 21 20 4
a 21 22 7
a 22 21 7
a 22 23 9
a 23 22 9
a 23 24 8
a 24 23 8
a 24 25 9
a 25 24 9
a 25 26 1
a 26 25 1
a 26 27 2
a 27 26 2
a 27 28 9
a 28 27 9
a 28 29 7
a 29 28 7
a 29 30 8
a 30 29 8
a 30 31 4
a 31 30 4
a 31 32 5
a 32 31 5
a 32 33 6
a 33 32 6
a 33 34 10
a 34 33 10
a 34 35 1
a 35 34 1
a 35 36 2
a 36 35 2
a 36 37 2
a 37 36 2
a 37 38 4
a 38 37 4
a 38 39 7
a 39 38 7
a 39 40 7
a 40 39 7
a 40 41 5
a 41 40 5
a 41 42 9
a 42 41 9
a 42 43 1
a 43 42 1
a 43 44 1
a 44 43 1
a 44 45 6
a 45 44 6
a 45 46 1
a 46 45 1
a 46 47 8
a 47 46 8
a 47 48 1
a 48 47 1
a 48 49 7
a 49 48 7
a 49 50 5
a 50 49 5
a 50 51 3
a 51 50 3
a 51 52 7
a 52 51 7
a 52 53 3
a 53 52 3
a 53 54 2
a 54 53 2
a 54 55 10
a 55 54 10
a 55 56 2
a 56 55 2
a 56 57 9
a 57 56 9
a 57 58 8
a 58 57 8
a 58 59 1
a 59 58 1
a 59 60 10
a 60 59 10
a 60 61 9
a 61 60 9
a 61 62 8
a 62 61 8
a 62 63 6
a 63 62 6
a 63 64 9
a 64 63 9
a 64 65 3
a 65 64 3
a 65 66 2
a 66 65 2
a 66 67 6
a 67 66 6
a 66 101 1
a 101 66 1
a 67 68 8
a 68 67 8
a 68 69 5
a 69 68 5
a 69 70 4
a 70 69 4
a 70 71 5
a 71 70 5
a 71 72 3
a 72 71 3
a 72 73 10
a 73 72 10
a 73 74 5
a 74 73 5
a 74 75 8
a 75 74 8
a 75 76 2
a 76 75 2
a 76 77 5
a 77 76 5
a 77 78 10
a 78 77 10
a 78 79 1
a 79 78 1
a 79 80 1
a 80 79 1
a 80 81 2
a 81 80 2
a 81 82 4
a 82 81 4
a 82 83 9
a 83 82 9
a 83 84 10
a 84 83 10
a 84 85 7
a 85 84 7
a 85 86 1
a 86 85 1
a 86 87 8
a 87 86 8
a 87 88 1
a 88 87 1
a 88 89 2
a 89 88 2
a 89 90 2
a 90 89 2
a 90 91 3
a 91 90 3
a 91 92 7
a 92 91 7
a 92 93 10
a 93 92 10
a 93 94 9
a 94 93 9
a 94 95 1
a 95 94 1
a 95 96 5
a 96 95 5
a 96 97 7
a 97 96 7
a 97 98 5
a 98 97 5
a 98 99 7
a 99 98 7
a 99 100 10
a 100 99 10
a 100 101 9
a 101 100 9
a 101 102 7
a 102 101 7
a 102 103 5
a 103 102 5
a 103 104 8
a 104 103 8
a 104 105 9
a 105 104 9
a 105 106 7
a 106 105 7
a 106 107 6
a 107 106 6
a 107 108 3
a 108 107 3
a 108 109 3
a 109 108 3
a 109 110 3
a 110 109 3
a 110 111 9
a 111 110 9
a 111 112 10
a 112 111 10
a 112 113 7
a 113 112 7
a 113 114 2
a 114 113 2
a 114 115 1
a 115 114 1
a 115 116 7
a 116 115 7
a 116 117 7
a 117 116 7
a 117 118 7
a 118 117 7
a 118 119 5
a 119 118 5
a 119 120 2
a 120 119 2
a 120 121 4
a 121 120 4
a 121 122 3
a 122 121 3
a 122 123 6
a 123 122 6
a 123 124 1
a 124 123 1
a 124 125 9
a 125 124 9
a 125 126 2
a 126 125 2
a 126 127 1
a 127 126 1
a 127 128 3
a 128 127 3
a 128 129 10
a 129 128 10
a 129 130 2
a 130 129 2
a 130 131 8
a 131 130 8
a 131 132 8
a 132 131 8
a 132 133 9
a 133 132 9
a 133 134 2
a 134 133 2
a 134 135 10
a 135 134 10
a 135 136 2
a 136 135 2
a 136 137 1
a 137 136 1
a 137 138 2
a 138 137 2
a 138 139 6
a 139 138 6
a 139 140 4
a 140 139 4
a 140 141 9
a 141 140 9
a 141 142 5
a 142 141 5
a 142 143 6
a 143 142 6
a 143 144 1
a 144 143 1
a 144 145 10
a 145 144 10
a 145 146 4
a 146 145 4
a 146 147 7
a 147 146 7
a 147 148 6
a 148 147 6
a 148 149 7
a 149 148 7
a 149 150 6
a 150 149 6
a 150 151 7
a 151 150 7
a 151 152 1
a 152 151 1
a 152 153 5
a 153 152 5
a 153 154 10
a 154 153 10
a 154 155 6
a 155 154 6
a 155 156 2
a 156 155 2
a 156 157 7
a 157 156 7
a 157 158 1
a 158 157 1
a 158 159 9
a 159 158 9
a 159 160 7
a 160 159 7
a 160 161 5
a 161 160 5
a 161 162 8
a 162 161 8
a 162 163 6
a 163 162 6
a 163 164 1
a 164 163 1
a 164 165 4
a 165 164 4
a 165 166 2
a 166 165 2
a 166 167 2
a 167 166 2
a 167 168 10
a 168 167 10
a 168 169 7
a 169 168 7
a 169 170 7
a 170 169 7
a 170 171 9
a 171 170 9
a 171 172 4
a 172 171 4
a 172 173 4
a 173 172 4
a 173 174 6
a 174 173 6
a 174 175 3
a 175 174 3
a 175 176 4
a 176 175 4
a 176 177 7
a 177 176 7
a 177 178 3
a 178 177 3
a 178 179 9
a 179 178 9
a 179 180 2
a 180 179 2
a 180 181 7
a 181 180 7
a 181 182 1
a 182 181 1
a 182 183 5
a 183 182 5
a 183 184 8
a 184 183 8
a 184 185 4
a 185 184 4
a 185 186 1
a 186 185 1
a 186 187 6
a 187 186 6
a 187 188 7
a 188 187 7
a 188 189 4
a 189 188 4
a 189 190 10
a 190 189 10
a 190 191 9
a 191 190 9
a 191 192 5
a 192 191 5
a 192 193 1
a 193 192 1
a 193 194 8
a 194 193 8
a 194 195 9
a 195 194 9
a 195 196 9
a 196 195 9
a 196 197 5
a 197 196 5
a 197 198 6
a 198 197 6
a 198 199 5
a 199 198 5
a 199 200 10
a 200 199 10
a 200 201 2
a 201 200 2
a 201 202 5
a 202 201 5
a 202 203 3
a 203 202 3
a 203 204 8
a 204 203 8
a 204 205 10
a 205 204 10
a 205 206 4
a 206 205 4
a 206 207 8
a 207 206 8
a 207 208 3
a 208 207 3
a 208 209 10
a 209 208 10
a 209 210 10
a 210 209 10
a 210 211 10
a 211 210 10
a 211 212 5
a 212 211 5
a 212 213 5
a 213 212 5
a 213 214 2
a 214 213 2
a 214 215 6
a 215 214 6
a 215 216 10
a 216 215 10
a 216 217 8
a 217 216 8
a 217 218 6
a 218 217 6
a 218 219 4
a 219 218 4
a 219 220 2
a 220 219 2
a 220 221 10
a 221 220 10
a 221 222 9
a 222 221 9
a 222 223 4
a 223 222 4
a 223 224 8
a 224 223 8
a 224 225 9
a 225 224 9
a 225 226 6
a 226 225 6
a 226 227 2
a 227 226 2
a 227 228 2
a 228 227 2
a 228 229 8
a 229 228 8
a 229 230 2
a 230 229 2
a 230 231 9
a 231 230 9
a 231 232 3
a 232 231 3
a 232 233 10
a 233 232 10
a 233 234 3
a 234 233 3
a 234 235 2
a 235 234 2
a 235 236 7
a 236 235 7
a 236 237 2
a 237 236 2
a 237 238 10
a 238 237 10
a 238 239 4
a 239 238 4
a 239 240 5
a 240 239 5
a 240 241 8
a 241 240 8
a 241 242 7
a 242 241 7
a 242 243 9
a 243 242 9
a 243 244 1
a 244 243 1
a 244 245 9
a 245 244 9
a 245 246 9
a 246 245 9
a 246 247 2
a 247 246 2
a 247 248 9
a 248 247 9
a 248 249 8
a 249 248 8
a 249 250 3
a 250 249 3
a 250 251 4
a 251 250 4
a 251 252 10
a 252 251 10
a 252 253 2
a 253 252 2
a 253 254 1
a 254 253 1
a 254 255 3
a 255 254 3
a 255 256 2
a 256 255 2
a 256 257 6
a 257 256 6
a 257 258 10
a 258 257 10
a 258 259 6
a 259 258 6
a 259 260 10
a 260 259 10
a 260 261 7
a 261 260 7
a 261 262 1
a 262 261 1
a 262 263 7
a 263 262 7
a 263 264 3
a 264 263 3
a 264 265 3
a 265 264 3
a 265 266 8
a 266 265 8
a 266 267 3
a 267 266 3
a 267 268 6
a 268 267 6
a 268 269 8
a 269 268 8
a 269 270 3
a 270 269 3
a 270 271 6
a 271 270 6
a 271 272 1
a 272 271 1
a 272 273 2
a 273 272 2
a 273 274 8
a 274 273 8
a 274 275 1
a 275 274 1
a 275 276 6
a 276 275 6
a 276 277 6
a 277 276 6
a 277 278 4
a 278 277 4
a 278 279 1
a 279 278 1
a 279 280 2
a 280 279 2
a 280 281 10
a 281 280 10
a 281 282 5
a 282 281 5
a 282 283 6
a 283 282 6
a 283 284 9
a 284 283 9
a 284 285 5
a 285 284 5
a 285 286 2
a 286 285 2
a 286 287 9
a 287 286 9
a 287 288 8
a 288 287 8
a 288 289 1
a 289 288 1
a 289 290 3
a 290 289 3
a 290 291 8
a 291 290 8
a 291 292 7
a 292 291 7
a 292 293 3
a 293 292 3
a 293 294 4
a 294 293 4
a 294 295 6
a 295 294 6
a 295 296 4
a 296 295 4
a 296 297 10
a 297 296 10
a 297 298 4
a 298 297 4
a 298 299 8
a 299 298 8
a 299 300 1
a 300 299 1
a 300 301 2
a 301 300 2
a 301 302 5
a 302 301 5
a 302 303 3
a 303 302 3
a 303 304 5
a 304 303 5
a 304 305 8
a 305 304 8
a 305 306 7
a 306 305 7
a 306 307 1
a 307 306 1
a 307 308 7
a 308 307 7
a 308 309 4
a 309 308 4
a 309 310 2
a 310 309 2
a 310 311 6
a 311 310 6
a 311 312 10
a 312 311 10
a 312 313 8
a 313 312 8
a 313 314 1
a 314 313 1
a 314 315 6
a 315 314 6
a 315 316 6
a 316 315 6
a 316 317 5
a 317 316 5
a 317 318 10
a 318 317 10
a 318 319 5
a 319 318 5
a 319 320 5
a 320 319 5
a 320 321 7
a 321 320 7
a 321 322 3
a 322 321 3
a 322 323 9
a 323 322 9
a 323 324 6
a 324 323 6
a 324 325 9
a 325 324 9
a 325 326 1
a 326 325 1
a 326 327 1
a 327 326 1
a 327 328 9
a 328 327 9
a 328 329 7
a 329 328 7
a 329 330 10
a 330 329 10
a 330 331 7
a 331 330 7
a 331 332 2
a 332 331 2
a 332 333 10
a 333 332 10
a 333 334 7
a 334 333 7
a 334 335 4
a 335 334 4
a 335 336 9
a 336 335 9
a 336 337 5
a 337 336 5
a 337 338 9
a 338 337 9
a 338 339 10
a 339 338 10
a 339 340 6
a 340 339 6
a 340 341 6
a 341 340 6
a 341 342 9
a 342 341 9
a 342 343 8
a 343 342 8
a 343 344 4
a 344 343 4
a 344 345 2
a 345 344 2
a 345 346 7
a 346 345 7
a 346 347 9
a 347 346 9
a 347 348 1
a 348 347 1
a 348 349 10
a 349 348 10
a 349 350 4
a 350 349 4
a 350 351 10
a 351 350 10
a 351 352 10
a 352 351 10
a 352 353 3
a 353 352 3
a 353 354 6
a 354 353 6
a 354 355 6
a 355 354 6
a 355 356 7
a 356 355 7
a 356 357 4
a 357 356 4
a 357 358 4
a 358 357 4
a 358 359 7
a 359 358 7
a 359 360 2
a 360 359 2
a 360 361 4
a 361 360 4
a 361 362 7
a 362 361 7
a 362 363 3
a 363 362 3
a 363 364 6
a 364 363 6
a 364 365 10
a 365 364 10
a 365 366 2
a 366 365 2
a 366 367 8
a 367 366 8
a 367 368 7
a 368 367 7
a 368 369 9
a 369 368 9
a 369 370 5
a 370 369 5
a 370 371 6
a 371 370 6
a 371 372 7
a 372 371 7
a 372 373 7
a 373 372 7
a 373 374 6
a 374 373 6
a 374 375 7
a 375 374 7
a 375 376 6
a 376 375 6
a 376 377 3
a 377 376 3
a 377 378 1
a 378 377 1
a 378 379 8
a 379 378 8
a 379 380 1
a 380 379 1
a 380 381 1
a 381 380 1
a 381 382 8
a 382 381 8
a 382 383 9
a 383 382 9
a 383 384 9
a 384 383 9
a 384 385 3
a 385 384 3
a 385 386 6
a 386 385 6
a 386 387 7
a 387 386 7
a 387 388 2
a 388 387 2
a 388 389 4
a 389 388 4
a 389 390 7
a 390 389 7
a 390 391 2
a 391 390 2
a 391 392 2
a 392 391 2
a 392 393 1
a 393 392 1
a 393 394 2
a 394 393 2
a 394 395 3
a 395 394 3
a 395 396 8
a 396 395 8
a 396 397 5
a 397 396 5
a 397 398 4
a 398 397 4
a 398 399 9
a 399 398 9
a 399 400 5
a 400 399 5
a 400 401 3
a 401 400 3
a 401 402 10
a 402 401 10
a 402 403 6
a 403 402 6
a 403 404 9
a 404 403 9
a 404 405 5
a 405 404 5
a 405 406 3
a 406 405 3
a 406 407 8
a 407 406 8
a 407 408 2
a 408 407 2
a 408 409 7
a 409 408 7
a 409 410 1
a 410 409 1
a 410 411 3
a 411 410 3
a 411 412 8
a 412 411 8
a 412 413 4
a 413 412 4
a 413 414 7
a 414 413 7
a 414 415 6
a 415 414 6
a 415 416 10
a 416 415 10
a 416 417 5
a 417 416 5
a 417 418 4
a 418 417 4
a 418 419 6
a 419 418 6
a 419 420 5
a 420 419 5
a 420 421 7
a 421 420 7
a 421 422 9
a 422 421 9
a 422 423 5
a 423 422 5
a 423 424 4
a 424 423 4
a 424 425 2
a 425 424 2
a 425 426 1
a 426 425 1
a 426 427 3
a 427 426 3
a 427 428 8
a 428 427 8
a 428 429 7
a 429 428 7
a 429 430 4
a 430 429 4
a 430 431 1
a 431 430 1
a 431 432 1
a 432 431 1
a 432 433 5
a 433 432 5
a 433 434 7
a 434 433 7
a 434 435 5
a 435 434 5
a 435 436 3
a 436 435 3
a 436 437 1
a 437 436 1
a 437 438 4
a 438 437 4
a 438 439 2
a 439 438 2
a 439 440 10
a 440 439 10
a 440 441 5
a 441 440 5
a 441 442 3
a 442 441 3
a 442 443 5
a 443 442 5
a 443 444 5
a 444 443 5
a 444 445 2
a 445 444 2
a 445 446 3
a 446 445 3
a 446 447 8
a 447 446 8
a 447 448 9
a 448 447 9
a 448 449 9
a 449 448 9
a 449 450 8
a 450 449 8
a 450 451 2
a 451 450 2
a 451 452 4
a 452 451 4
a 452 453 6
a 453 452 6
a 453 454 9
a 454 453 9
a 454 455 3
a 455 454 3
a 455 456 9
a 456 455 9
a 456 457 5
a 457 456 5
a 457 458 2
a 458 457 2
a 458 459 8
a 459 458 8
a 459 460 5
a 460 459 5
a 460 461 8
a 461 460 8
a 461 462 5
a 462 461 5
a 462 463 5
a 463 462 5
a 463 464 7
a 464 463 7
a 464 465 4
a 465 464 4
a 465 466 9
a 466 465 9
a 466 467 3
a 467 466 3
a 467 468 3
a 468 467 3
a 468 469 7
a 469 468 7
a 469 470 5
a 470 469 5
a 470 471 3
a 471 470 3
a 471 472 10
a 472 471 10
a 472 473 10
a 473 472 10
a 473 474 3
a 474 473 3
a 474 475 6
a 475 474 6
a 475 476 8
a 476 475 8
a 476 477 6
a 477 476 6
a 477 478 2
a 478 477 2
a 478 479 6
a 479 478 6
a 479 480 4
a 480 479 4
a 480 481 5
a 481 480 5
a 481 482 5
a 482 481 5
a 482 483 8
a 483 482 8
a 483 484 10
a 484 483 10
a 484 485 8
a 485 484 8
a 485 486 7
a 486 485 7
a 486 487 7
a 487 486 7
a 487 488 2
a 488 487 2
a 488 489 1
a 489 488 1
a 489 490 10
a 490 489 10
a 490 491 10
a 491 490 10
a 491 492 1
a 492 491 1
a 492 493 6
a 493 492 6
a 493 494 8
a 494 493 8
a 494 495 3
a 495 494 3
a 495 496 6
a 496 495 6
a 496 497 4
a 497 496 4
a 497 498 4
a 498 497 4
a 498 499 8
a 499 498 8
a 499 500 3
a 500 499 3
a 500 501 10
a 501 500 10
a 501 502 5
a 502 501 5
a 502 503 4
a 503 502 4
a 503 504 4
a 504 503 4
a 504 505 10
a 505 504 10
a 505 506 1
a 506 505 1
a 506 507 10
a 507 506 10
a 507 508 2
a 508 507 2
a 508 509 5
a 509 508 5
a 509 510 5
a 510 509 5
a 510 511 1
a 511 510 1
a 511 512 9
a 512 511 9
a 512 513 5
a 513 512 5
a 513 514 3
a 514 513 3
a 514 515 5
a 515 514 5
a 515 516 9
a 516 515 9
a 516 517 7
a 517 516 7
a 517 518 2
a 518 517 2
a 518 519 7
a 519 518 7
a 519 520 6
a 520 519 6
a 520 521 7
a 521 520 7
a 521 522 9
a 522 521 9
a 522 523 10
a 523 522 10
a 523 524 5
a 524 523 5
a 524 525 9
a 525 524 9
a 525 526 6
a 526 525 6
a 526 527 8
a 527 526 8
a 527 528 5
a 528 527 5
a 528 529 9
a 529 528 9
a 529 530 1
a 530 529 1
a 530 531 6
a 531 530 6
a 531 532 10
a 532 531 10
a 532 533 5
a 533 532 5
a 533 534 10
a 534 533 10
a 534 535 6
a 535 534 6
a 535 536 8
a 536 535 8
a 536 537 10
a 537 536 10
a 537 538 9
a 538 537 9
a 538 539 10
a 539 538 10
a 539 540 1
a 540 539 1
a 540 541 10
a 541 540 10
a 541 542 3
a 542 541 3
a 542 543 7
a 543 542 7
a 543 544 10
a 544 543 10
a 544 545 7
a 545 544 7
a 545 546 4
a 546 545 4
a 546 547 3
a 547 546 3
a 547 548 8
a 548 547 8
a 548 549 6
a 549 548 6
a 549 550 8
a 550 549 8
a 550 551 8
a 551 550 8
a 551 552 6
a 552 551 6
a 552 553 8
a 553 552 8
a 553 554 10
a 554 553 10
a 554 555 6
a 555 554 6
a 555 556 9
a 556 555 9
a 556 557 8
a 557 556 8
a 557 558 10
a 558 557 10
a 558 559 8
a 559 558 8
a 559 560 8
a 560 559 8
a 560 561 1
a 561 560 1
a 561 562 2
a 562 561 2
a 562 563 1
a 563 562 1
a 563 564 3
a 564 563 3
a 564 565 1
a 565 564 1
a 565 566 4
a 566 565 4
a 566 567 8
a 567 566 8
a 567 568 1
a 568 567 1
a 568 569 7
a 569 568 7
a 569 570 8
a 570 569 8
a 570 571 3
a 571 570 3
a 571 572 5
a 572 571 5
a 572 573 9
a 573 572 9
a 573 574 6
a 574 573 6
a 574 575 3
a 575 574 3
a 575 576 10
a 576 575 10
a 576 577 2
a 577 576 2
a 577 578 8
a 578 577 8
a 578 579 3
a 579 578 3
a 579 580 5
a 580 579 5
a 580 581 8
a 581 580 8
a 581 582 1
a 582 581 1
a 582 583 4
a 583 582 4
a 583 584 3
a 584 583 3
a 584 585 2
a 585 584 2
a 585 586 6
a 586 585 6
a 586 587 10
a 587 586 10
a 587 588 9
a 588 587 9
a 588 589 1
a 589 588 1
a 589 590 5
a 590 589 5
a 590 591 4
a 591 590 4
a 591 592 5
a 592 591 5
a 592 593 3
a 593 592 3
a 593 594 5
a 594 593 5
a 594 595 9
a 595 594 9
a 595 596 7
a 596 595 7
a 596 597 5
a 597 596 5
a 597 598 4
a 598 597 4
a 598 599 10
a 599 598 10
a 599 600 2
a 600 599 2
a 600 601 4
a 601 600 4
a 601 602 9
a 602 601 9
a 602 603 8
a 603 602 8
a 603 604 9
a 604 603 9
a 604 605 4
a 605 604 4
a 605 606 3
a 606 605 3
a 606 607 7
a 607 606 7
a 607 608 8
a 608 607 8
a 608 609 6
a 609 608 6
a 609 610 1
a 610 609 1
a 610 611 2
a 611 610 2
a 611 612 1
a 612 611 1
a 612 613 9
a 613 612 9
a 613 614 8
a 614 613 8
a 614 615 2
a 615 614 2
a 615 616 9
a 616 615 9
a 616 617 8
a 617 616 8
a 617 618 6
a 618 617 6
a 618 619 2
a 619 618 2
a 619 620 8
a 620 619 8
a 620 621 2
a 621 620 2
a 621 622 5
a 622 621 5
a 622 623 3
a 623 622 3
a 623 624 10
a 624 623 10
a 624 625 9
a 625 624 9
a 625 626 8
a 626 625 8
a 626 627 5
a 627 626 5
a 627 628 8
a 628 627 8
a 628 629 6
a 629 628 6
a 629 630 3
a 630 629 3
a 630 631 5
a 631 630 5
a 631 632 1
a 632 631 1
a 632 633 2
a 633 632 2
a 633 634 9
a 634 633 9
a 634 635 4
a 635 634 4
a 635 636 1
a 636 635 1
a 636 637 7
a 637 636 7
a 637 638 7
a 638 637 7
a 638 639 4
a 639 638 4
a 639 640 6
a 640 639 6
a 640 641 4
a 641 640 4
a 641 642 7
a 642 641 7
a 642 643 1
a 643 642 1
a 643 644 4
a 644 643 4
a 644 645 10
a 645 644 10
a 645 646 10
a 646 645 10
a 646 647 10
a 647 646 10
a 647 648 10
a 648 647 10
a 648 649 7
a 649 648 7
a 649 650 9
a 650 649 9
a 650 651 8
a 651 650 8
a 651 652 7
a 652 651 7
a 652 653 4
a 653 652 4
a 653 654 4
a 654 653 4
a 654 655 8
a 655 654 8
a 655 656 6
a 656 655 6
a 656 657 5
a 657 656 5
a 657 658 7
a 658 657 7
a 658 659 4
a 659 658 4
a 659 660 10
a 660 659 10
a 660 661 8
a 661 660 8
a 661 662 10
a 662 661 10
a 662 663 8
a 663 662 8
a 663 664 5
a 664 663 5
a 664 665 3
a 665 664 3
a 665 666 2
a 666 665 2
a 666 667 3
a 667 666 3
a 667 668 2
a 668 667 2
a 668 669 10
a 669 668 10
a 669 670 10
a 670 669 10
a 670 671 1
a 671 670 1
a 671 672 7
a 672 671 7
a 672 673 7
a 673 672 7
a 673 674 4
a 674 673 4
a 674 675 5
a 675 674 5
a 675 676 7
a 676 675 7
a 676 677 3
a 677 676 3
a 677 678 1
a 678 677 1
a 678 679 3
a 679 678 3
a 679 680 5
a 680 679 5
a 680 681 3
a 681 680 3
a 681 682 9
a 682 681 9
a 682 683 1
a 683 682 1
a 683 684 5
a 684 683 5
a 684 685 10
a 685 684 10
a 685 686 3
a 686 685 3
a 686 687 3
a 687 686 3
a 687 688 5
a 688 687 5
a 688 689 3
a 689 688 3
a 689 690 5
a 690 689 5
a 690 691 9
a 691 690 9
a 691 692 7
a 692 691 7
a 692 693 7
a 693 692 7
a 693 694 1
a 694 693 1
a 694 695 4
a 695 694 4
a 695 696 1
a 696 695 1
a 696 697 4
a 697 696 4
a 697 698 6
a 698 697 6
a 698 699 7
a 699 698 7
a 699 700 10
a 700 699 10
a 700 701 1
a 701 700 1
a 701 702 9
a 702 701 9
a 702 703 10
a 703 702 10
a 703 704 9
a 704 703 9
a 704 705 1
a 705 704 1
a 705 706 9
a 706 705 9
a 706 707 3
a 707 706 3
a 707 708 1
a 708 707 1
a 708 709 5
a 709 708 5
a 709 710 10
a 710 709 10
a 710 711 1
a 711 710 1
a 711 712 8
a 712 711 8
a 712 713 7
a 713 712 7
a 713 714 5
a 714 713 5
a 714 715 5
a 715 714 5
a 715 716 7
a 716 715 7
a 716 717 6
a 717 716 6
a 717 718 1
a 718 717 1
a 718 719 2
a 719 718 2
a 719 720 9
a 720 719 9
a 720 721 8
a 721 720 8
a 721 722 9
a 722 721 9
a 722 723 5
a 723 722 5
a 723 724 9
a 724 723 9
a 724 725 5
a 725 724 5
a 725 726 4
a 726 725 4
a 726 727 1
a 727 726 1
a 727 728 6
a 728 727 6
a 728 729 4
a 729 728 4
a 729 730 2
a 730 729 2
a 730 731 9
a 731 730 9
a 731 732 8
a 732 731 8
a 732 733 5
a 733 732 5
a 733 734 10
a 734 733 10
a 734 735 6
a 735 734 6
a 735 736 6
a 736 735 6
a 736 737 10
a 737 736 10
a 737 738 8
a 738 737 8
a 738 739 2
a 739 738 2
a 739 740 8
a 740 739 8
a 740 741 3
a 741 740 3
a 741 742 5
a 742 741 5
a 742 743 6
a 743 742 6
a 743 744 1
a 744 743 1
a 744 745 2
a 745 744 2
a 745 746 6
a 746 745 6
a 746 747 4
a 747 746 4
a 747 748 5
a 748 747 5
a 748 749 5
a 749 748 5
a 749 750 3
a 750 749 3
a 750 751 7
a 751 750 7
a 751 752 3
a 752 751 3
a 752 753 10
a 753 752 10
a 753 754 8
a 754 753 8
a 754 755 4
a 755 754 4
a 755 756 4
a 756 755 4
a 756 757 6
a 757 756 6
a 757 758 4
a 758 757 4
a 758 759 1
a 759 758 1
a 759 760 5
a 760 759 5
a 760 761 6
a 761 760 6
a 761 762 2
a 762 761 2
a 762 763 3
a 763 762 3
a 763 764 3
a 764 763 3
a 764 765 7
a 765 764 7
a 765 766 4
a 766 765 4
a 766 767 4
a 767 766 4
a 767 768 7
a 768 767 7
a 768 769 5
a 769 768 5
a 769 770 9
a 770 769 9
a 770 771 2
a 771 770 2
a 771 772 4
a 772 771 4
a 772 773 6
a 773 772 6
a 773 774 2
a 774 773 2
a 774 775 8
a 775 774 8
a 775 776 6
a 776 775 6
a 776 777 3
a 777 776 3
a 777 778 6
a 778 777 6
a 778 779 2
a 779 778 2
a 779 780 3
a 780 779 3
a 780 781 8
a 781 780 8
a 781 782 5
a 782 781 5
a 782 783 3
a 783 782 3
a 783 784 9
a 784 783 9
a 784 785 1
a 785 784 1
a 785 786 10
a 786 785 10
a 786 787 7
a 787 786 7
a 787 788 10
a 788 787 10
a 788 789 10
a 789 788 10
a 789 790 2
a 790 789 2
a 790 791 10
a 791 790 10
a 791 792 4
a 792 791 4
a 792 793 7
a 793 792 7
a 793 794 7
a 794 793 7
a 794 795 2
a 795 794 2
a 795 796 3
a 796 795 3
a 796 797 6
a 797 796 6
a 797 798 2
a 798 797 2
a 798 799 2
a 799 798 2
a 799 800 7
a 800 799 7
a 800 801 8
a 801 800 8
a 801 802 3
a 802 801 3
a 802 803 9
a 803 802 9
a 803 804 3
a 804 803 3
a 804 805 9
a 805 804 9
a 805 806 1
a 806 805 1
a 806 807 6
a 807 806 6
a 807 808 5
a 808 807 5
a 808 809 3
a 809 808 3
a 809 810 2
a 810 809 2
a 810 811 7
a 811 810 7
a 811 812 9
a 812 811 9
a 812 813 3
a 813 812 3
a 813 814 6
a 814 813 6
a 814 815 6
a 815 814 6
a 815 816 7
a 816 815 7
a 816 817 9
a 817 816 9
a 817 818 3
a 818 817 3
a 818 819 1
a 819 818 1
a 819 820 3
a 820 819 3
a 820 821 10
a 821 820 10
a 821 822 9
a 822 821 9
a 822 823 7
a 823 822 7
a 823 824 9
a 824 823 9
a 824 825 2
a 825 824 2
a 825 826 8
a 826 825 8
a 826 827 2
a 827 826 2
a 827 828 5
a 828 827 5
a 828 829 1
a 829 828 1
a 829 830 10
a 830 829 10
a 830 831 9
a 831 830 9
a 831 832 10
a 832 831 10
a 832 833 4
a 833 832 4
a 833 834 7
a 834 833 7
a 834 835 2
a 835 834 2
a 835 836 6
a 836 835 6
a 836 837 8
a 837 836 8
a 837 838 9
a 838 837 9
a 838 839 4
a 839 838 4
a 839 840 6
a 840 839 6
a 840 841 5
a 841 840 5
a 841 842 3
a 842 841 3
a 842 843 3
a 843 842 3
a 843 844 1
a 844 843 1
a 844 845 3
a 845 844 3
a 845 846 8
a 846 845 8
a 846 847 8
a 847 846 8
a 847 848 8
a 848 847 8
a 848 849 4
a 849 848 4
a 849 850 3
a 850 849 3
a 850 851 5
a 851 850 5
a 851 852 7
a 852 851 7
a 852 853 3
a 853 852 3
a 853 854 7
a 854 853 7
a 854 855 10
a 855 854 10
a 855 856 1
a 856 855 1
a 856 857 7
a 857 856 7
a 857 858 6
a 858 857 6
a 858 859 8
a 859 858 8
a 859 860 6
a 860 859 6
a 860 861 8
a 861 860 8
a 861 862 2
a 862 861 2
a 862 863 10
a 863 862 10
a 863 864 10
a 864 863 10
a 864 865 10
a 865 864 10
a 865 866 6
a 866 865 6
a 866 867 6
a 867 866 6
a 867 868 8
a 868 867 8
a 868 869 6
a 869 868 6
a 869 870 6
a 870 869 6
a 870 871 6
a 871 870 6
a 871 872 4
a 872 871 4
a 872 873 10
a 873 872 10
a 873 874 6
a 874 873 6
a 874 875 7
a 875 874 7
a 875 876 8
a 876 875 8
a 876 877 3
a 877 876 3
a 877 878 1
a 878 877 1
a 878 879 6
a 879 878 6
a 879 880 2
a 880 879 2
a 880 881 7
a 881 880 7
a 881 882 7
a 882 881 7
a 882 883 2
a 883 882 2
a 883 884 1
a 884 883 1
a 884 885 9
a 885 884 9
a 885 886 7
a 886 885 7
a 886 887 6
a 887 886 6
a 887 888 4
a 888 887 4
a 888 889 6
a 889 888 6
a 889 890 10
a 890 889 10
a 890 891 6
a 891 890 6
a 891 892 10
a 892 891 10
a 892 893 7
a 893 892 7
a 893 894 4
a 894 893 4
a 894 895 6
a 895 894 6
a 895 896 9
a 896 895 9
a 896 897 3
a 897 896 3
a 897 898 1
a 898 897 1
a 898 899 7
a 899 898 7
a 899 900 4
a 900 899 4
a 900 901 2
a 901 900 2
a 901 902 4
a 902 901 4
a 902 903 1
a 903 902 1
a 903 904 1
a 904 903 1
a 904 905 5
a 905 904 5
a 905 906 6
a 906 905 6
a 906 907 5
a 907 906 5
a 907 908 6
a 908 907 6
a 908 909 1
a 909 908 1
a 909 910 7
a 910 909 7
a 910 911 5
a 911 910 5
a 911 912 9
a 912 911 9
a 912 913 9
a 913 912 9
a 913 914 8
a 914 913 8
a 914 915 8
a 915 914 8
a 915 916 1
a 916 915 1
a 916 917 1
a 917 916 1
a 917 918 8
a 918 917 8
a 918 919 7
a 919 918 7
a 919 920 2
a 920 919 2
a 920 921 7
a 921 920 7
a 921 922 2
a 922 921 2
a 922 923 5
a 923 922 5
a 923 924 8
a 924 923 8
a 924 925 10
a 925 924 10
a 925 926 7
a 926 925 7
a 926 927 4
a 927 926 4
a 927 928 7
a 928 927 7
a 928 929 9
a 929 928 9
a 929 930 6
a 930 929 6
a 930 931 2
a 931 930 2
a 931 932 6
a 932 931 6
a 932 933 3
a 933 932 3
a 933 934 9
a 934 933 9
a 934 935 6
a 935 934 6
a 935 936 1
a 936 935 1
a 936 937 1
a 937 936 1
a 937 938 3
a 938 937 3
a 938 939 9
a 939 938 9
a 939 940 3
a 940 939 3
a 940 941 5
a 941 940 5
a 941 942 9
a 942 941 9
a 942 943 9
a 943 942 9
a 943 944 2
a 944 943 2
a 944 945 10
a 945 944 10
a 945 946 10
a 946 945 10
a 946 947 5
a 947 946 5
a 947 948 6
a 948 947 6
a 948 949 4
a 949 948 4
a 949 950 3
a 950 949 3
a 950 951 7
a 951 950 7
a 951 952 2
a 952 951 2
a 952 953 6
a 953 952 6
a 953 954 7
a 954 953 7
a 954 955 8
a 955 954 8
a 955 956 10
a 956 955 10
a 956 957 5
a 957 956 5
a 957 958 3
a 958 957 3
a 958 959 3
a 959 958 3
a 959 960 5
a 960 959 5
a 960 961 10
a 961 960 10
a 961 962 3
a 962 961 3
a 962 963 6
a 963 962 6
a 963 964 6
a 964 963 6
a 964 965 4
a 965 964 4
a 965 966 10
a 966 965 10
a 966 967 1
a 967 966 1
a 967 968 6
a 968 967 6
a 968 969 4
a 969 968 4
a 969 970 2
a 970 969 2
a 970 971 7
a 971 970 7
a 971 972 1
a 972 971 1
a 972 973 5
a 973 972 5
a 973 974 2
a 974 973 2
a 974 975 4
a 975 974 4
a 975 976 3
a 976 975 3
a 976 977 9
a 977 976 9
a 977 978 6
a 978 977 6
a 978 979 1
a 979 978 1
a 979 980 9
a 980 979 9
a 980 981 5
a 981 980 5
a 981 982 1
a 982 981 1
a 982 983 5
a 983 982 5
a 983 984 9
a 984 983 9
a 984 985 4
a 985 984 4
a 985 986 3
a 986 985 3
a 986 987 8
a 987 986 8
a 987 988 3
a 988 987 3
a 988 989 5
a 989 988 5
a 989 990 8
a 990 989 8
a 990 991 7
a 991 990 7
a 991 992 3
a 992 991 3
a 992 993 1
a 993 992 1
a 993 994 7
a 994 993 7
a 994 995 1
a 995 994 1
a 995 996 1
a 996 995 1
a 996 997 1
a 997 996 1
a 997 998 7
a 998 997 7
a 998 999 5
a 999 998 5
a 999 1000 7
a 1000 999 7
