1000 2000
a 1 2 10
a 2 1 10
a 2 3 5
a 3 2 5
a 3 4 7
a 4 3 7
a 4 5 9
a 5 4 9
a 5 6 5
a 6 5 5
a 6 7 1
a 7 6 1
a 7 8 5
a 8 7 5
a 8 9 3
a 9 8 3
a 9 10 4
a 10 9 4
a 10 11 8
a 11 10 8
a 11 12 2
a 12 11 2
a 12 13 5
a 13 12 5
a 13 14 2
a 14 13 2
a 14 15 3
a 15 14 3
a 15 16 8
a 16 15 8
a 16 17 9
a 17 16 9
a 17 18 3
a 18 17 3
a 18 19 2
a 19 18 2
a 19 20 3
a 20 19 3
a 20 21 10
a 21 20 10
a 21 22 1
a 22 21 1
a 22 23 1
a 23 22 1
a 23 24 6
a 24 23 6
a 24 25 4
a 25 24 4
a 25 26 5
a 26 25 5
a 26 27 4
a 27 26 4
a 27 28 2
a 28 27 2
a 28 29 2
a 29 28 2
a 29 30 10
a 30 29 10
a 30 31 3
a 31 30 3
a 31 32 3
a 32 31 3
a 32 33 1
a 33 32 1
a 33 34 4
a 34 33 4
a 34 35 3
a 35 34 3
a 35 36 2
a 36 35 2
a 36 37 10
a 37 36 10
a 37 38 3
a 38 37 3
a 38 39 3
a 39 38 3
a 39 40 2
a 40 39 2
a 40 41 8
a 41 40 8
a 41 42 4
a 42 41 4
a 42 43 5
a 43 42 5
a 43 44 10
a 44 43 10
a 44 45 4
a 45 44 4
a 45 46 7
a 46 45 7
a 46 47 8
a 47 46 8
a 47 48 10
a 48 47 10
a 48 49 1
a 49 48 1
a 49 50 4
a 50 49 4
a 50 51 6
a 51 50 6
a 51 52 4
a 52 51 4
a 52 53 3
a 53 52 3
a 53 54 7
a 54 53 7
a 54 55 10
a 55 54 10
a 55 56 10
a 56 55 10
a 56 57 1
a 57 56 1
a 57 58 6
a 58 57 6
a 58 59 4
a 59 58 4
a 59 60 7
a 60 59 7
a 60 61 1
a 61 60 1
a 61 62 3
a 62 61 3
a 62 63 8
a 63 62 8
a 63 64 7
a 64 63 7
a 64 65 7
a 65 64 7
a 65 66 10
a 66 65 10
a 66 67 2
a 67 66 2
a 67 68 1
a 68 67 1
a 68 69 1
a 69 68 1
a 69 70 7
a 70 69 7
a 70 71 5
a 71 70 5
a 71 72 8
a 72 71 8
a 72 73 3
a 73 72 3
a 73 74 3
a 74 73 3
a 74 75 6
a 75 74 6
a 75 76 4
a 76 75 4
a 76 77 3
a 77 76 3
a 77 78 8
a 78 77 8
a 78 79 1
a 79 78 1
a 79 80 7
a 80 79 7
a 80 81 3
a 81 80 3
a 81 82 6
a 82 81 6
a 82 83 6
a 83 82 6
a 83 84 4
a 84 83 4
a 84 85 3
a 85 84 3
a 85 86 4
a 86 85 4
a 86 87 9
a 87 86 9
a 87 88 3
a 88 87 3
a 88 89 10
a 89 88 10
a 89 90 4
a 90 89 4
a 90 91 1
a 91 90 1
a 91 92 1
a 92 91 1
a 92 93 2
a 93 92 2
a 93 94 4
a 94 93 4
a 94 95 1
a 95 94 1
a 95 96 5
a 96 95 5
a 96 97 5
a 97 96 5
a 97 98 5
a 98 97 5
a 98 99 3
a 99 98 3
a 99 100 7
a 100 99 7
a 100 101 7
a 101 100 7
a 101 102 10
a 102 101 10
a 102 103 8
a 103 102 8
a 103 104 9
a 104 103 9
a 104 105 8
a 105 104 8
a 105 106 8
a 106 105 8
a 106 107 6
a 107 106 6
a 107 108 10
a 108 107 10
a 108 109 7
a 109 108 7
a 109 110 10
a 110 109 10
a 110 111 8
a 111 110 8
a 111 112 10
a 112 111 10
a 112 113 2
a 113 112 2
a 113 114 4
a 114 113 4
a 114 115 7
a 115 114 7
a 115 116 9
a 116 115 9
a 116 117 3
a 117 116 3
a 117 118 6
a 118 117 6
a 118 119 9
a 119 118 9
a 119 120 2
a 120 119 2
a 120 121 4
a 121 120 4
a 121 122 2
a 122 121 2
a 122 123 3
a 123 122 3
a 123 124 5
a 124 123 5
a 124 125 6
a 125 124 6
a 125 126 9
a 126 125 9
a 126 127 9
a 127 126 9
a 127 128 3
a 128 127 3
a 128 129 4
a 129 128 4
a 129 130 2
a 130 129 2
a 130 131 7
a 131 130 7
a 131 132 2
a 132 131 2
a 132 133 8
a 133 132 8
a 133 134 5
a 134 133 5
a 134 135 10
a 135 134 10
a 135 136 1
a 136 135 1
a 136 137 1
a 137 136 1
a 137 138 2
a 138 137 2
a 138 139 5
a 139 138 5
a 139 140 4
a 140 139 4
a 140 141 7
a 141 140 7
a 141 142 5
a 142 141 5
a 142 143 9
a 143 142 9
a 143 144 4
a 144 143 4
a 144 145 7
a 145 144 7
a 145 146 8
a 146 145 8
a 146 147 10
a 147 146 10
a 147 148 3
a 148 147 3
a 148 149 6
a 149 148 6
a 149 150 5
a 150 149 5
a 150 151 6
a 151 150 6
a 151 152 9
a 152 151 9
a 152 153 9
a 153 152 9
a 153 154 5
a 154 153 5
a 154 155 3
a 155 154 3
a 155 156 1
a 156 155 1
a 156 157 10
a 157 156 10
a 157 158 9
a 158 157 9
a 158 159 5
a 159 158 5
a 159 160 6
a 160 159 6
a 160 161 5
a 161 160 5
a 161 162 10
a 162 161 10
a 162 163 6
a 163 162 6
a 163 164 4
a 164 163 4
a 164 165 3
a 165 164 3
a 165 166 4
a 166 165 4
a 166 167 1
a 167 166 1
a 167 168 3
a 168 167 3
a 168 169 9
a 169 168 9
a 169 170 2
a 170 169 2
a 170 171 2
a 171 170 2
a 171 172 2
a 172 171 2
a 172 173 9
a 173 172 9
a 173 174 5
a 174 173 5
a 174 175 2
a 175 174 2
a 175 176 2
a 176 175 2
a 176 177 1
a 177 176 1
a 177 178 10
a 178 177 10
a 178 179 9
a 179 178 9
a 179 180 2
a 180 179 2
a 180 181 9
a 181 180 9
a 181 182 10
a 182 181 10
a 182 183 6
a 183 182 6
a 183 184 5
a 184 183 5
a 184 185 4
a 185 184 4
a 185 186 6
a 186 185 6
a 186 187 10
a 187 186 10
a 187 188 9
a 188 187 9
a 188 189 2
a 189 188 2
a 189 190 1
a 190 189 1
a 190 191 4
a 191 190 4
a 191 192 8
a 192 191 8
a 192 193 9
a 193 192 9
a 193 194 6
a 194 193 6
a 194 195 8
a 195 194 8
a 195 196 1
a 196 195 1
a 196 197 10
a 197 196 10
a 197 198 1
a 198 197 1
a 198 199 3
a 199 198 3
a 199 200 1
a 200 199 1
a 200 201 4
a 201 200 4
a 201 202 10
a 202 201 10
a 202 203 4
a 203 202 4
a 203 204 8
a 204 203 8
a 204 205 2
a 205 204 2
a 205 206 5
a 206 205 5
a 206 207 1
a 207 206 1
a 207 208 3
a 208 207 3
a 208 209 6
a 209 208 6
a 209 210 5
a 210 209 5
a 210 211 4
a 211 210 4
a 211 212 4
a 212 211 4
a 212 213 3
a 213 212 3
a 212 644 7
a 644 212 7
a 213 214 2
a 214 213 2
a 214 215 10
a 215 214 10
a 215 216 8
a 216 215 8
a 216 217 1
a 217 216 1
a 217 218 9
a 218 217 9
a 218 219 8
a 219 218 8
a 219 220 8
a 220 219 8
a 220 221 5
a 221 220 5
a 221 222 8
a 222 221 8
a 222 223 3
a 223 222 3
a 223 224 5
a 224 223 5
a 224 225 6
a 225 224 6
a 225 226 6
a 226 225 6
a 226 227 6
a 227 226 6
a 227 228 4
a 228 227 4
a 228 229 8
a 229 228 8
a 229 230 7
a 230 229 7
a 230 231 9
a 231 230 9
a 231 232 7
a 232 231 7
a 232 233 6
a 233 232 6
a 233 234 1
a 234 233 1
a 234 235 8
a 235 234 8
a 235 236 8
a 236 235 8
a 236 237 3
a 237 236 3
a 237 238 5
a 238 237 5
a 238 239 1
a 239 238 1
a 239 240 4
a 240 239 4
a 240 241 3
a 241 240 3
a 241 242 1
a 242 241 1
a 242 243 1
a 243 242 1
a 243 244 2
a 244 243 2
a 244 245 10
a 245 244 10
a 245 246 2
a 246 245 2
a 246 247 9
a 247 246 9
a 247 248 5
a 248 247 5
a 248 249 5
a 249 248 5
a 249 250 7
a 250 249 7
a 250 251 2
a 251 250 2
a 251 252 8
a 252 251 8
a 252 253 1
a 253 252 1
a 253 254 6
a 254 253 6
a 254 255 2
a 255 254 2
a 255 256 6
a 256 255 6
a 256 257 9
a 257 256 9
a 257 258 1
a 258 257 1
a 258 259 6
a 259 258 6
a 259 260 1
a 260 259 1
a 260 261 10
a 261 260 10
a 261 262 3
a 262 261 3
a 262 263 10
a 263 262 10
a 263 264 2
a 264 263 2
a 264 265 3
a 265 264 3
a 265 266 9
a 266 265 9
a 266 267 6
a 267 266 6
a 267 268 6
a 268 267 6
a 268 269 10
a 269 268 10
a 269 270 5
a 270 269 5
a 270 271 2
a 271 270 2
a 271 272 10
a 272 271 10
a 272 273 8
a 273 272 8
a 273 274 2
a 274 273 2
a 274 275 6
a 275 274 6
a 275 276 5
a 276 275 5
a 276 277 9
a 277 276 9
a 277 278 6
a 278 277 6
a 278 279 2
a 279 278 2
a 279 280 9
a 280 279 9
a 280 281 5
a 281 280 5
a 281 282 9
a 282 281 9
a 282 283 5
a 283 282 5
a 283 284 8
a 284 283 8
a 284 285 4
a 285 284 4
a 285 286 5
a 286 285 5
a 286 287 4
a 287 286 4
a 287 288 2
a 288 287 2
a 288 289 2
a 289 288 2
a 289 290 4
a 290 289 4
a 290 291 7
a 291 290 7
a 291 292 8
a 292 291 8
a 292 293 7
a 293 292 7
a 293 294 10
a 294 293 10
a 294 295 2
a 295 294 2
a 295 296 3
a 296 295 3
a 296 297 10
a 297 296 10
a 297 298 6
a 298 297 6
a 298 299 4
a 299 298 4
a 299 300 9
a 300 299 9
a 300 301 1
a 301 300 1
a 301 302 3
a 302 301 3
a 302 303 3
a 303 302 3
a 303 304 3
a 304 303 3
a 304 305 4
a 305 304 4
a 305 306 6
a 306 305 6
a 306 307 2
a 307 306 2
a 307 308 3
a 308 307 3
a 308 309 5
a 309 308 5
a 309 310 5
a 310 309 5
a 310 311 1
a 311 310 1
a 311 312 7
a 312 311 7
a 312 313 1
a 313 312 1
a 313 314 9
a 314 313 9
a 314 315 6
a 315 314 6
a 315 316 4
a 316 315 4
a 316 317 8
a 317 316 8
a 317 318 8
a 318 317 8
a 318 319 7
a 319 318 7
a 319 320 9
a 320 319 9
a 320 321 9
a 321 320 9
a 321 322 7
a 322 321 7
a 322 323 3
a 323 322 3
a 323 324 7
a 324 323 7
a 324 325 9
a 325 324 9
a 325 326 8
a 326 325 8
a 326 327 9
a 327 326 9
a 327 328 8
a 328 327 8
a 328 329 2
a 329 328 2
a 329 330 10
a 330 329 10
a 330 331 4
a 331 330 4
a 331 332 10
a 332 331 10
a 332 333 9
a 333 332 9
a 333 334 7
a 334 333 7
a 334 335 2
a 335 334 2
a 335 336 4
a 336 335 4
a 336 337 1
a 337 336 1
a 337 338 10
a 338 337 10
a 338 339 7
a 339 338 7
a 339 340 2
a 340 339 2
a 340 341 7
a 341 340 7
a 341 342 1
a 342 341 1
a 342 343 4
a 343 342 4
a 343 344 3
a 344 343 3
a 344 345 4
a 345 344 4
a 345 346 10
a 346 345 10
a 346 347 1
a 347 346 1
a 347 348 9
a 348 347 9
a 348 349 5
a 349 348 5
a 349 350 3
a 350 349 3
a 350 351 2
a 351 350 2
a 351 352 4
a 352 351 4
a 352 353 3
a 353 352 3
a 353 354 8
a 354 353 8
a 354 355 7
a 355 354 7
a 355 356 8
a 356 355 8
a 356 357 3
a 357 356 3
a 357 358 6
a 358 357 6
a 358 359 6
a 359 358 6
a 359 360 10
a 360 359 10
a 360 361 2
a 361 360 2
a 361 362 9
a 362 361 9
a 362 363 3
a 363 362 3
a 363 364 4
a 364 363 4
a 364 365 4
a 365 364 4
a 365 366 10
a 366 365 10
a 366 367 8
a 367 366 8
a 367 368 10
a 368 367 10
a 368 369 3
a 369 368 3
a 369 370 2
a 370 369 2
a 370 371 8
a 371 370 8
a 371 372 9
a 372 371 9
a 372 373 8
a 373 372 8
a 373 374 3
a 374 373 3
a 374 375 10
a 375 374 10
a 375 376 9
a 376 375 9
a 376 377 8
a 377 376 8
a 377 378 2
a 378 377 2
a 378 379 10
a 379 378 10
a 379 380 9
a 380 379 9
a 380 381 6
a 381 380 6
a 381 382 9
a 382 381 9
a 382 383 8
a 383 382 8
a 383 384 1
a 384 383 1
a 384 385 1
a 385 384 1
a 385 386 4
a 386 385 4
a 386 387 1
a 387 386 1
a 387 388 3
a 388 387 3
a 388 389 5
a 389 388 5
a 389 390 6
a 390 389 6
a 390 391 1
a 391 390 1
a 391 392 3
a 392 391 3
a 392 393 8
a 393 392 8
a 393 394 2
a 394 393 2
a 394 395 3
a 395 394 3
a 395 396 3
a 396 395 3
a 396 397 9
a 397 396 9
a 397 398 2
a 398 397 2
a 398 399 7
a 399 398 7
a 399 400 6
a 400 399 6
a 400 401 10
a 401 400 10
a 401 402 5
a 402 401 5
a 402 403 2
a 403 402 2
a 403 404 9
a 404 403 9
a 404 405 1
a 405 404 1
a 405 406 5
a 406 405 5
a 406 407 6
a 407 406 6
a 407 408 4
a 408 407 4
a 408 409 2
a 409 408 2
a 409 410 4
a 410 409 4
a 410 411 6
a 411 410 6
a 411 412 3
a 412 411 3
a 412 413 8
a 413 412 8
a 413 414 4
a 414 413 4
a 414 415 1
a 415 414 1
a 415 416 10
a 416 415 10
a 416 417 1
a 417 416 1
a 417 418 10
a 418 417 10
a 418 419 10
a 419 418 10
a 419 420 5
a 420 419 5
a 420 421 9
a 421 420 9
a 421 422 1
a 422 421 1
a 422 423 2
a 423 422 2
a 423 424 4
a 424 423 4
a 424 425 7
a 425 424 7
a 425 426 6
a 426 425 6
a 426 427 6
a 427 426 6
a 427 428 8
a 428 427 8
a 428 429 1
a 429 428 1
a 429 430 9
a 430 429 9
a 430 431 7
a 431 430 7
a 431 432 6
a 432 431 6
a 432 433 8
a 433 432 8
a 433 434 3
a 434 433 3
a 434 435 7
a 435 434 7
a 435 436 3
a 436 435 3
a 436 437 1
a 437 436 1
a 437 438 8
a 438 437 8
a 438 439 9
a 439 438 9
a 439 440 2
a 440 439 2
a 440 441 2
a 441 440 2
a 441 442 1
a 442 441 1
a 442 443 3
a 443 442 3
a 443 444 10
a 444 443 10
a 444 445 7
a 445 444 7
a 445 446 9
a 446 445 9
a 446 447 10
a 447 446 10
a 447 448 5
a 448 447 5
a 448 449 4
a 449 448 4
a 449 450 6
a 450 449 6
a 450 451 3
a 451 450 3
a 451 452 1
a 452 451 1
a 452 453 5
a 453 452 5
a 453 454 9
a 454 453 9
a 454 455 2
a 455 454 2
a 455 456 4
a 456 455 4
a 456 457 1
a 457 456 1
a 457 458 5
a 458 457 5
a 458 459 6
a 459 458 6
a 459 460 2
a 460 459 2
a 460 461 9
a 461 460 9
a 461 462 10
a 462 461 10
a 462 463 1
a 463 462 1
a 463 464 2
a 464 463 2
a 464 465 6
a 465 464 6
a 465 466 2
a 466 465 2
a 466 467 6
a 467 466 6
a 467 468 9
a 468 467 9
a 468 469 2
a 469 468 2
a 469 470 10
a 470 469 10
a 470 471 7
a 471 470 7
a 471 472 5
a 472 471 5
a 472 473 6
a 473 472 6
a 473 474 5
a 474 473 5
a 474 475 9
a 475 474 9
a 475 476 3
a 476 475 3
a 476 477 2
a 477 476 2
a 477 478 6
a 478 477 6
a 478 479 9
a 479 478 9
a 479 480 1
a 480 479 1
a 480 481 6
a 481 480 6
a 481 482 2
a 482 481 2
a 482 483 8
a 483 482 8
a 483 484 9
a 484 483 9
a 484 485 7
a 485 484 7
a 485 486 4
a 486 485 4
a 486 487 6
a 487 486 6
a 487 488 6
a 488 487 6
a 488 489 7
a 489 488 7
a 489 490 8
a 490 489 8
a 490 491 4
a 491 490 4
a 491 492 5
a 492 491 5
a 492 493 2
a 493 492 2
a 493 494 7
a 494 493 7
a 494 495 8
a 495 494 8
a 495 496 2
a 496 495 2
a 496 497 4
a 497 496 4
a 497 498 2
a 498 497 2
a 498 499 10
a 499 498 10
a 499 500 3
a 500 499 3
a 500 501 10
a 501 500 10
a 501 502 6
a 502 501 6
a 502 503 2
a 503 502 2
a 503 504 7
a 504 503 7
a 504 505 4
a 505 504 4
a 505 506 3
a 506 505 3
a 506 507 3
a 507 506 3
a 507 508 8
a 508 507 8
a 508 509 7
a 509 508 7
a 509 510 6
a 510 509 6
a 510 511 3
a 511 510 3
a 511 512 9
a 512 511 9
a 512 513 5
a 513 512 5
a 513 514 2
a 514 513 2
a 514 515 6
a 515 514 6
a 515 516 10
a 516 515 10
a 516 517 2
a 517 516 2
a 517 518 6
a 518 517 6
a 518 519 6
a 519 518 6
a 519 520 10
a 520 519 10
a 520 521 8
a 521 520 8
a 521 522 5
a 522 521 5
a 522 523 1
a 523 522 1
a 523 524 10
a 524 523 10
a 524 525 6
a 525 524 6
a 525 526 6
a 526 525 6
a 526 527 6
a 527 526 6
a 527 528 10
a 528 527 10
a 528 529 5
a 529 528 5
a 529 530 5
a 530 529 5
a 530 531 8
a 531 530 8
a 531 532 3
a 532 531 3
a 532 533 5
a 533 532 5
a 533 534 6
a 534 533 6
a 534 535 9
a 535 534 9
a 535 536 1
a 536 535 1
a 536 537 8
a 537 536 8
a 537 538 6
a 538 537 6
a 538 539 5
a 539 538 5
a 539 540 9
a 540 539 9
a 540 541 8
a 541 540 8
a 541 542 9
a 542 541 9
a 542 543 4
a 543 542 4
a 543 544 4
a 544 543 4
a 544 545 4
a 545 544 4
a 545 546 5
a 546 545 5
a 546 547 9
a 547 546 9
a 547 548 5
a 548 547 5
a 548 549 4
a 549 548 4
a 549 550 2
a 550 549 2
a 550 551 2
a 551 550 2
a 551 552 6
a 552 551 6
a 552 553 10
a 553 552 10
a 553 554 7
a 554 553 7
a 554 555 8
a 555 554 8
a 555 556 6
a 556 555 6
a 556 557 2
a 557 556 2
a 557 558 9
a 558 557 9
a 558 559 5
a 559 558 5
a 559 560 9
a 560 559 9
a 560 561 2
a 561 560 2
a 561 562 7
a 562 561 7
a 562 563 3
a 563 562 3
a 563 564 1
a 564 563 1
a 564 565 6
a 565 564 6
a 565 566 8
a 566 565 8
a 566 567 10
a 567 566 10
a 567 568 8
a 568 567 8
a 568 569 5
a 569 568 5
a 569 570 6
a 570 569 6
a 570 571 5
a 571 570 5
a 571 572 4
a 572 571 4
a 572 573 6
a 573 572 6
a 573 574 5
a 574 573 5
a 574 575 1
a 575 574 1
a 575 576 10
a 576 575 10
a 576 577 8
a 577 576 8
a 577 578 4
a 578 577 4
a 578 579 5
a 579 578 5
a 579 580 2
a 580 579 2
a 580 581 9
a 581 580 9
a 581 582 3
a 582 581 3
a 582 583 9
a 583 582 9
a 583 584 9
a 584 583 9
a 584 585 8
a 585 584 8
a 585 586 4
a 586 585 4
a 586 587 6
a 587 586 6
a 587 588 5
a 588 587 5
a 588 589 7
a 589 588 7
a 589 590 9
a 590 589 9
a 590 591 7
a 591 590 7
a 591 592 3
a 592 591 3
a 592 593 4
a 593 592 4
a 593 594 2
a 594 593 2
a 594 595 1
a 595 594 1
a 595 596 1
a 596 595 1
a 596 597 7
a 597 596 7
a 597 598 9
a 598 597 9
a 598 599 2
a 599 598 2
a 599 600 10
a 600 599 10
a 600 601 4
a 601 600 4
a 601 602 5
a 602 601 5
a 602 603 9
a 603 602 9
a 603 604 1
a 604 603 1
a 604 605 3
a 605 604 3
a 605 606 4
a 606 605 4
a 606 607 10
a 607 606 10
a 607 608 8
a 608 607 8
a 608 609 6
a 609 608 6
a 609 610 2
a 610 609 2
a 610 611 1
a 611 610 1
a 611 612 10
a 612 611 10
a 612 613 4
a 613 612 4
a 613 614 5
a 614 613 5
a 614 615 2
a 615 614 2
a 615 616 6
a 616 615 6
a 616 617 6
a 617 616 6
a 617 618 8
a 618 617 8
a 618 619 6
a 619 618 6
a 619 620 4
a 620 619 4
a 620 621 9
a 621 620 9
a 621 622 1
a 622 621 1
a 622 623 8
a 623 622 8
a 623 624 1
a 624 623 1
a 624 625 10
a 625 624 10
a 625 626 1
a 626 625 1
a 626 627 10
a 627 626 10
a 627 628 7
a 628 627 7
a 628 629 2
a 629 628 2
a 629 630 2
a 630 629 2
a 630 631 3
a 631 630 3
a 631 632 5
a 632 631 5
a 632 633 6
a 633 632 6
a 633 634 3
a 634 633 3
a 634 635 6
a 635 634 6
a 635 636 7
a 636 635 7
a 636 637 9
a 637 636 9
a 637 638 10
a 638 637 10
a 638 639 6
a 639 638 6
a 639 640 1
a 640 639 1
a 640 641 9
a 641 640 9
a 641 642 4
a 642 641 4
a 642 643 4
a 643 642 4
a 643 644 9
a 644 643 9
a 644 645 9
a 645 644 9
a 645 646 9
a 646 645 9
a 646 647 1
a 647 646 1
a 647 648 3
a 648 647 3
a 648 649 7
a 649 648 7
a 649 650 1
a 650 649 1
a 650 651 7
a 651 650 7
a 651 652 5
a 652 651 5
a 652 653 5
a 653 652 5
a 653 654 2
a 654 653 2
a 654 655 7
a 655 654 7
a 655 656 8
a 656 655 8
a 656 657 4
a 657 656 4
a 657 658 9
a 658 657 9
a 658 659 9
a 659 658 9
a 659 660 9
a 660 659 9
a 660 661 3
a 661 660 3
a 661 662 7
a 662 661 7
a 662 663 3
a 663 662 3
a 663 664 4
a 664 663 4
a 664 665 1
a 665 664 1
a 665 666 4
a 666 665 4
a 666 667 4
a 667 666 4
a 667 668 4
a 668 667 4
a 668 669 9
a 669 668 9
a 669 670 6
a 670 669 6
a 670 671 5
a 671 670 5
a 671 672 5
a 672 671 5
a 672 673 9
a 673 672 9
a 673 674 7
a 674 673 7
a 674 675 5
a 675 674 5
a 675 676 3
a 676 675 3
a 676 677 5
a 677 676 5
a 677 678 8
a 678 677 8
a 678 679 3
a 679 678 3
a 679 680 2
a 680 679 2
a 680 681 8
a 681 680 8
a 681 682 6
a 682 681 6
a 682 683 10
a 683 682 10
a 683 684 5
a 684 683 5
a 684 685 8
a 685 684 8
a 685 686 10
a 686 685 10
a 686 687 5
a 687 686 5
a 687 688 10
a 688 687 10
a 688 689 2
a 689 688 2
a 689 690 3
a 690 689 3
a 690 691 3
a 691 690 3
a 691 692 4
a 692 691 4
a 692 693 8
a 693 692 8
a 693 694 4
a 694 693 4
a 694 695 5
a 695 694 5
a 695 696 1
a 696 695 1
a 696 697 4
a 697 696 4
a 697 698 10
a 698 697 10
a 698 699 1
a 699 698 1
a 699 700 3
a 700 699 3
a 700 701 5
a 701 700 5
a 701 702 7
a 702 701 7
a 702 703 7
a 703 702 7
a 703 704 4
a 704 703 4
a 704 705 2
a 705 704 2
a 705 706 1
a 706 705 1
a 706 707 3
a 707 706 3
a 707 708 9
a 708 707 9
a 708 709 9
a 709 708 9
a 709 710 4
a 710 709 4
a 710 711 10
a 711 710 10
a 711 712 4
a 712 711 4
a 712 713 7
a 713 712 7
a 713 714 2
a 714 713 2
a 714 715 5
a 715 714 5
a 715 716 8
a 716 715 8
a 716 717 9
a 717 716 9
a 717 718 10
a 718 717 10
a 718 719 2
a 719 718 2
a 719 720 2
a 720 719 2
a 720 721 10
a 721 720 10
a 721 722 9
a 722 721 9
a 722 723 5
a 723 722 5
a 723 724 1
a 724 723 1
a 724 725 10
a 725 724 10
a 725 726 1
a 726 725 1
a 726 727 3
a 727 726 3
a 727 728 3
a 728 727 3
a 728 729 1
a 729 728 1
a 729 730 7
a 730 729 7
a 730 731 2
a 731 730 2
a 731 732 3
a 732 731 3
a 732 733 3
a 733 732 3
a 733 734 3
a 734 733 3
a 734 735 4
a 735 734 4
a 735 736 8
a 736 735 8
a 736 737 9
a 737 736 9
a 737 738 4
a 738 737 4
a 738 739 6
a 739 738 6
a 739 740 4
a 740 739 4
a 740 741 7
a 741 740 7
a 741 742 5
a 742 741 5
a 742 743 6
a 743 742 6
a 743 744 9
a 744 743 9
a 744 745 3
a 745 744 3
a 745 746 2
a 746 745 2
a 746 747 2
a 747 746 2
a 747 748 10
a 748 747 10
a 748 749 10
a 749 748 10
a 749 750 8
a 750 749 8
a 750 751 10
a 751 750 10
a 751 752 7
a 752 751 7
a 752 753 3
a 753 752 3
a 753 754 4
a 754 753 4
a 754 755 1
a 755 754 1
a 755 756 4
a 756 755 4
a 756 757 3
a 757 756 3
a 757 758 4
a 758 757 4
a 758 759 5
a 759 758 5
a 759 760 8
a 760 759 8
a 760 761 8
a 761 760 8
a 761 762 3
a 762 761 3
a 762 763 2
a 763 762 2
a 763 764 9
a 764 763 9
a 764 765 8
a 765 764 8
a 765 766 9
a 766 765 9
a 766 767 6
a 767 766 6
a 767 768 4
a 768 767 4
a 768 769 2
a 769 768 2
a 769 770 10
a 770 769 10
a 770 771 7
a 771 770 7
a 771 772 5
a 772 771 5
a 772 773 7
a 773 772 7
a 773 774 8
a 774 773 8
a 774 775 9
a 775 774 9
a 775 776 7
a 776 775 7
a 776 777 6
a 777 776 6
a 777 778 4
a 778 777 4
a 778 779 6
a 779 778 6
a 779 780 10
a 780 779 10
a 780 781 8
a 781 780 8
a 781 782 4
a 782 781 4
a 782 783 3
a 783 782 3
a 783 784 10
a 784 783 10
a 784 785 2
a 785 784 2
a 785 786 10
a 786 785 10
a 786 787 8
a 787 786 8
a 787 788 9
a 788 787 9
a 788 789 6
a 789 788 6
a 789 790 8
a 790 789 8
a 790 791 4
a 791 790 4
a 791 792 4
a 792 791 4
a 792 793 9
a 793 792 9
a 793 794 8
a 794 793 8
a 794 795 1
a 795 794 1
a 795 796 5
a 796 795 5
a 796 797 4
a 797 796 4
a 797 798 1
a 798 797 1
a 798 799 4
a 799 798 4
a 799 800 5
a 800 799 5
a 800 801 4
a 801 800 4
a 801 802 5
a 802 801 5
a 802 803 6
a 803 802 6
a 803 804 10
a 804 803 10
a 804 805 2
a 805 804 2
a 805 806 10
a 806 805 10
a 806 807 10
a 807 806 10
a 807 808 2
a 808 807 2
a 808 809 8
a 809 808 8
a 809 810 6
a 810 809 6
a 810 811 9
a 811 810 9
a 811 812 7
a 812 811 7
a 812 813 7
a 813 812 7
a 813 814 6
a 814 813 6
a 814 815 4
a 815 814 4
a 815 816 6
a 816 815 6
a 816 817 5
a 817 816 5
a 817 818 3
a 818 817 3
a 818 819 2
a 819 818 2
a 819 820 9
a 820 819 9
a 820 821 6
a 821 820 6
a 821 822 8
a 822 821 8
a 822 823 2
a 823 822 2
a 823 824 3
a 824 823 3
a 824 825 10
a 825 824 10
a 825 826 7
a 826 825 7
a 826 827 3
a 827 826 3
a 827 828 2
a 828 827 2
a 828 829 10
a 829 828 10
a 829 830 10
a 830 829 10
a 830 831 5
a 831 830 5
a 831 832 2
a 832 831 2
a 832 833 9
a 833 832 9
a 833 834 8
a 834 833 8
a 834 835 9
a 835 834 9
a 835 836 8
a 836 835 8
a 836 837 2
a 837 836 2
a 837 838 9
a 838 837 9
a 838 839 3
a 839 838 3
a 839 840 6
a 840 839 6
a 840 841 6
a 841 840 6
a 841 842 8
a 842 841 8
a 842 843 1
a 843 842 1
a 843 844 1
a 844 843 1
a 844 845 3
a 845 844 3
a 845 846 8
a 846 845 8
a 846 847 5
a 847 846 5
a 847 848 1
a 848 847 1
a 848 849 8
a 849 848 8
a 849 850 6
a 850 849 6
a 850 851 6
a 851 850 6
a 851 852 4
a 852 851 4
a 852 853 2
a 853 852 2
a 853 854 8
a 854 853 8
a 854 855 3
a 855 854 3
a 855 856 6
a 856 855 6
a 856 857 9
a 857 856 9
a 857 858 2
a 858 857 2
a 858 859 3
a 859 858 3
a 859 860 9
a 860 859 9
a 860 861 6
a 861 860 6
a 861 862 1
a 862 861 1
a 862 863 4
a 863 862 4
a 863 864 7
a 864 863 7
a 864 865 8
a 865 864 8
a 865 866 9
a 866 865 9
a 866 867 2
a 867 866 2
a 867 868 10
a 868 867 10
a 868 869 3
a 869 868 3
a 869 870 1
a 870 869 1
a 870 871 7
a 871 870 7
a 871 872 2
a 872 871 2
a 872 873 8
a 873 872 8
a 873 874 3
a 874 873 3
a 874 875 7
a 875 874 7
a 875 876 3
a 876 875 3
a 876 877 7
a 877 876 7
a 877 878 6
a 878 877 6
a 878 879 10
a 879 878 10
a 879 880 8
a 880 879 8
a 880 881 9
a 881 880 9
a 881 882 1
a 882 881 1
a 882 883 10
a 883 882 10
a 883 884 5
a 884 883 5
a 884 885 5
a 885 884 5
a 885 886 2
a 886 885 2
a 886 887 8
a 887 886 8
a 887 888 7
a 888 887 7
a 888 889 1
a 889 888 1
a 889 890 6
a 890 889 6
a 890 891 7
a 891 890 7
a 891 892 10
a 892 891 10
a 892 893 8
a 893 892 8
a 893 894 8
a 894 893 8
a 894 895 4
a 895 894 4
a 895 896 9
a 896 895 9
a 896 897 2
a 897 896 2
a 897 898 4
a 898 897 4
a 898 899 7
a 899 898 7
a 899 900 10
a 900 899 10
a 900 901 10
a 901 900 10
a 901 902 6
a 902 901 6
a 902 903 1
a 903 902 1
a 903 904 8
a 904 903 8
a 904 905 4
a 905 904 4
a 905 906 4
a 906 905 4
a 906 907 10
a 907 906 10
a 907 908 6
a 908 907 6
a 908 909 7
a 909 908 7
a 909 910 8
a 910 909 8
a 910 911 4
a 911 910 4
a 911 912 1
a 912 911 1
a 912 913 10
a 913 912 10
a 913 914 2
a 914 913 2
a 914 915 1
a 915 914 1
a 915 916 6
a 916 915 6
a 916 917 6
a 917 916 6
a 917 918 3
a 918 917 3
a 918 919 2
a 919 918 2
a 919 920 8
a 920 919 8
a 920 921 4
a 921 920 4
a 921 922 6
a 922 921 6
a 922 923 9
a 923 922 9
a 923 924 1
a 924 923 1
a 924 925 10
a 925 924 10
a 925 926 5
a 926 925 5
a 926 927 9
a 927 926 9
a 927 928 6
a 928 927 6
a 928 929 4
a 929 928 4
a 929 930 9
a 930 929 9
a 930 931 3
a 931 930 3
a 931 932 4
a 932 931 4
a 932 933 10
a 933 932 10
a 933 934 1
a 934 933 1
a 934 935 1
a 935 934 1
a 935 936 8
a 936 935 8
a 936 937 8
a 937 936 8
a 937 938 9
a 938 937 9
a 938 939 5
a 939 938 5
a 939 940 8
a 940 939 8
a 940 941 8
a 941 940 8
a 941 942 8
a 942 941 8
a 942 943 8
a 943 942 8
a 943 944 9
a 944 943 9
a 944 945 6
a 945 944 6
a 945 946 10
a 946 945 10
a 946 947 7
a 947 946 7
a 947 948 4
a 948 947 4
a 948 949 10
a 949 948 10
a 949 950 5
a 950 949 5
a 950 951 6
a 951 950 6
a 951 952 8
a 952 951 8
a 952 953 4
a 953 952 4
a 953 954 6
a 954 953 6
a 954 955 8
a 955 954 8
a 955 956 10
a 956 955 10
a 956 957 5
a 957 956 5
a 957 958 10
a 958 957 10
a 958 959 6
a 959 958 6
a 959 960 10
a 960 959 10
a 960 961 4
a 961 960 4
a 961 962 9
a 962 961 9
a 962 963 1
a 963 962 1
a 963 964 1
a 964 963 1
a 964 965 1
a 965 964 1
a 965 966 3
a 966 965 3
a 966 967 6
a 967 966 6
a 967 968 1
a 968 967 1
a 968 969 6
a 969 968 6
a 969 970 7
a 970 969 7
a 970 971 8
a 971 970 8
a 971 972 10
a 972 971 10
a 972 973 7
a 973 972 7
a 973 974 5
a 974 973 5
a 974 975 5
a 975 974 5
a 975 976 2
a 976 975 2
a 976 977 2
a 977 976 2
a 977 978 6
a 978 977 6
a 978 979 10
a 979 978 10
a 979 980 3
a 980 979 3
a 980 981 2
a 981 980 2
a 981 982 4
a 982 981 4
a 982 983 4
a 983 982 4
a 983 984 6
a 984 983 6
a 984 985 10
a 985 984 10
a 985 986 6
a 986 985 6
a 986 987 1
a 987 986 1
a 987 988 3
a 988 987 3
a 988 989 7
a 989 988 7
a 989 990 4
a 990 989 4
a 990 991 6
a 991 990 6
a 991 992 9
a 992 991 9
a 992 993 7
a 993 992 7
a 993 994 6
a 994 993 6
a 994 995 7
a 995 994 7
a 995 996 1
a 996 995 1
a 996 997 3
a 997 996 3
a 997 998 3
a 998 997 3
a 998 999 10
a 999 998 10
a 999 1000 2
a 1000 999 2
