1000 2000
a 1 2 2
a 2 1 2
a 2 3 10
a 3 2 10
a 3 4 3
a 4 3 3
a 4 5 10
a 5 4 10
a 5 6 10
a 6 5 10
a 6 7 7
a 7 6 7
a 7 8 2
a 8 7 2
a 8 9 8
a 9 8 8
a 9 10 3
a 10 9 3
a 10 11 9
a 11 10 9
a 11 12 6
a 12 11 6
a 12 13 6
a 13 12 6
a 13 14 8
a 14 13 8
a 14 15 4
a 15 14 4
a 15 16 7
a 16 15 7
a 16 17 6
a 17 16 6
a 17 18 6
a 18 17 6
a 18 19 4
a 19 18 4
a 19 20 7
a 20 19 7
a 20 21 10
a 21 20 10
a 21 22 3
a 22 21 3
a 22 23 10
a 23 22 10
a 23 24 2
a 24 23 2
a 24 25 6
a 25 24 6
a 25 26 9
a 26 25 9
a 26 27 1
a 27 26 1
a 27 28 10
a 28 27 10
a 28 29 4
a 29 28 4
a 29 30 9
a 30 29 9
a 30 31 10
a 31 30 10
a 31 32 2
a 32 31 2
a 32 33 6
a 33 32 6
a 33 34 7
a 34 33 7
a 34 35 1
a 35 34 1
a 35 36 4
a 36 35 4
a 36 37 3
a 37 36 3
a 37 38 5
a 38 37 5
a 38 39 2
a 39 38 2
a 39 40 4
a 40 39 4
a 40 41 2
a 41 40 2
a 41 42 6
a 42 41 6
a 42 43 9
a 43 42 9
a 43 44 9
a 44 43 9
a 44 45 7
a 45 44 7
a 45 46 5
a 46 45 5
a 46 47 10
a 47 46 10
a 47 48 2
a 48 47 2
a 48 49 10
a 49 48 10
a 49 50 5
a 50 49 5
a 50 51 5
a 51 50 5
a 51 52 2
a 52 51 2
a 52 53 9
a 53 52 9
a 53 54 3
a 54 53 3
a 54 55 8
a 55 54 8
a 55 56 3
a 56 55 3
a 56 57 4
a 57 56 4
a 57 58 5
a 58 57 5
a 58 59 1
a 59 58 1
a 59 60 7
a 60 59 7
a 60 61 6
a 61 60 6
a 61 62 9
a 62 61 9
a 62 63 7
a 63 62 7
a 63 64 7
a 64 63 7
a 64 65 8
a 65 64 8
a 65 66 2
a 66 65 2
a 66 67 9
a 67 66 9
a 67 68 9
a 68 67 9
a 68 69 8
a 69 68 8
a 69 70 8
a 70 69 8
a 70 71 2
a 71 70 2
a 71 72 6
a 72 71 6
a 72 73 4
a 73 72 4
a 73 74 1
a 74 73 1
a 74 75 10
a 75 74 10
a 75 76 4
a 76 75 4
a 76 77 9
a 77 76 9
a 77 78 7
a 78 77 7
a 78 79 8
a 79 78 8
a 79 80 6
a 80 79 6
a 80 81 6
a 81 80 6
a 81 82 3
a 82 81 3
a 82 83 5
a 83 82 5
a 83 84 6
a 84 83 6
a 84 85 2
a 85 84 2
a 85 86 3
a 86 85 3
a 86 87 6
a 87 86 6
a 87 88 4
a 88 87 4
a 88 89 2
a 89 88 2
a 89 90 9
a 90 89 9
a 90 91 2
a 91 90 2
a 91 92 7
a 92 91 7
a 92 93 1
a 93 92 1
a 93 94 5
a 94 93 5
a 94 95 8
a 95 94 8
a 95 96 9
a 96 95 9
a 96 97 1
a 97 96 1
a 97 98 4
a 98 97 4
a 98 99 10
a 99 98 10
a 99 100 6
a 100 99 6
a 100 101 10
a 101 100 10
a 101 102 3
a 102 101 3
a 102 103 2
a 103 102 2
a 103 104 10
a 104 103 10
a 104 105 5
a 105 104 5
a 105 106 2
a 106 105 2
a 106 107 9
a 107 106 9
a 107 108 2
a 108 107 2
a 108 109 2
a 109 108 2
a 109 110 5
a 110 109 5
a 110 111 3
a 111 110 3
a 111 112 7
a 112 111 7
a 112 113 3
a 113 112 3
a 113 114 1
a 114 113 1
a 114 115 10
a 115 114 10
a 115 116 3
a 116 115 3
a 116 117 9
a 117 116 9
a 117 118 9
a 118 117 9
a 118 119 9
a 119 118 9
a 119 120 1
a 120 119 1
a 120 121 1
a 121 120 1
a 121 122 7
a 122 121 7
a 122 123 9
a 123 122 9
a 123 124 4
a 124 123 4
a 124 125 9
a 125 124 9
a 125 126 5
a 126 125 5
a 126 127 1
a 127 126 1
a 127 128 3
a 128 127 3
a 128 129 5
a 129 128 5
a 129 130 3
a 130 129 3
a 130 131 9
a 131 130 9
a 131 132 4
a 132 131 4
a 132 133 2
a 133 132 2
a 133 134 1
a 134 133 1
a 134 135 6
a 135 134 6
a 135 136 1
a 136 135 1
a 136 137 9
a 137 136 9
a 137 138 7
a 138 137 7
a 138 139 1
a 139 138 1
a 139 140 9
a 140 139 9
a 140 141 9
a 141 140 9
a 141 142 8
a 142 141 8
a 142 143 1
a 143 142 1
a 143 144 5
a 144 143 5
a 144 145 1
a 145 144 1
a 145 146 6
a 146 145 6
a 146 147 9
a 147 146 9
a 147 148 1
a 148 147 1
a 148 149 8
a 149 148 8
a 149 150 10
a 150 149 10
a 150 151 10
a 151 150 10
a 151 152 7
a 152 151 7
a 152 153 10
a 153 152 10
a 153 154 8
a 154 153 8
a 154 155 2
a 155 154 2
a 155 156 9
a 156 155 9
a 156 157 5
a 157 156 5
a 157 158 10
a 158 157 10
a 158 159 7
a 159 158 7
a 159 160 2
a 160 159 2
a 160 161 2
a 161 160 2
a 161 162 8
a 162 161 8
a 162 163 7
a 163 162 7
a 163 164 10
a 164 163 10
a 164 165 9
a 165 164 9
a 165 166 9
a 166 165 9
a 166 167 3
a 167 166 3
a 167 168 4
a 168 167 4
a 168 169 4
a 169 168 4
a 169 170 7
a 170 169 7
a 170 171 1
a 171 170 1
a 171 172 3
a 172 171 3
a 172 173 10
a 173 172 10
a 173 174 6
a 174 173 6
a 174 175 8
a 175 174 8
a 175 176 7
a 176 175 7
a 176 177 2
a 177 176 2
a 177 178 7
a 178 177 7
a 178 179 6
a 179 178 6
a 179 180 9
a 180 179 9
a 180 181 5
a 181 180 5
a 181 182 2
a 182 181 2
a 182 183 7
a 183 182 7
a 183 184 1
a 184 183 1
a 184 185 5
a 185 184 5
a 185 186 10
a 186 185 10
a 186 187 7
a 187 186 7
a 187 188 2
a 188 187 2
a 188 189 3
a 189 188 3
a 189 190 6
a 190 189 6
a 190 191 3
a 191 190 3
a 191 192 2
a 192 191 2
a 192 193 4
a 193 192 4
a 193 194 9
a 194 193 9
a 194 195 9
a 195 194 9
a 195 196 7
a 196 195 7
a 196 197 7
a 197 196 7
a 197 198 6
a 198 197 6
a 198 199 5
a 199 198 5
a 199 200 8
a 200 199 8
a 200 201 1
a 201 200 1
a 201 202 9
a 202 201 9
a 202 203 6
a 203 202 6
a 203 204 6
a 204 203 6
a 204 205 9
a 205 204 9
a 205 206 6
a 206 205 6
a 206 207 10
a 207 206 10
a 207 208 3
a 208 207 3
a 208 209 5
a 209 208 5
a 209 210 6
a 210 209 6
a 210 211 1
a 211 210 1
a 211 212 5
a 212 211 5
a 212 213 8
a 213 212 8
a 213 214 8
a 214 213 8
a 214 215 7
a 215 214 7
a 215 216 2
a 216 215 2
a 216 217 7
a 217 216 7
a 217 218 7
a 218 217 7
a 218 219 4
a 219 218 4
a 219 220 6
a 220 219 6
a 220 221 1
a 221 220 1
a 221 222 4
a 222 221 4
a 222 223 6
a 223 222 6
a 223 224 2
a 224 223 2
a 224 225 8
a 225 224 8
a 225 226 7
a 226 225 7
a 226 227 6
a 227 226 6
a 227 228 3
a 228 227 3
a 228 229 8
a 229 228 8
a 229 230 1
a 230 229 1
a 230 231 3
a 231 230 3
a 231 232 4
a 232 231 4
a 232 233 1
a 233 232 1
a 233 234 2
a 234 233 2
a 234 235 4
a 235 234 4
a 235 236 3
a 236 235 3
a 236 237 6
a 237 236 6
a 237 238 10
a 238 237 10
a 238 239 9
a 239 238 9
a 239 240 7
a 240 239 7
a 240 241 4
a 241 240 4
a 241 242 5
a 242 241 5
a 242 243 9
a 243 242 9
a 243 244 2
a 244 243 2
a 244 245 4
a 245 244 4
a 245 246 3
a 246 245 3
a 246 247 6
a 247 246 6
a 247 248 8
a 248 247 8
a 248 249 7
a 249 248 7
a 249 250 9
a 250 249 9
a 250 251 8
a 251 250 8
a 251 252 1
a 252 251 1
a 252 253 9
a 253 252 9
a 253 254 3
a 254 253 3
a 254 255 2
a 255 254 2
a 255 256 2
a 256 255 2
a 256 257 8
a 257 256 8
a 257 258 5
a 258 257 5
a 258 259 7
a 259 258 7
a 259 260 7
a 260 259 7
a 260 261 10
a 261 260 10
a 261 262 7
a 262 261 7
a 262 263 4
a 263 262 4
a 263 264 7
a 264 263 7
a 264 265 4
a 265 264 4
a 265 266 9
a 266 265 9
a 266 267 6
a 267 266 6
a 267 268 4
a 268 267 4
a 268 269 10
a 269 268 10
a 269 270 5
a 270 269 5
a 270 271 8
a 271 270 8
a 271 272 3
a 272 271 3
a 272 273 5
a 273 272 5
a 273 274 3
a 274 273 3
a 274 275 10
a 275 274 10
a 275 276 9
a 276 275 9
a 276 277 3
a 277 276 3
a 277 278 10
a 278 277 10
a 278 279 6
a 279 278 6
a 279 280 3
a 280 279 3
a 280 281 7
a 281 280 7
a 281 282 5
a 282 281 5
a 282 283 10
a 283 282 10
a 283 284 2
a 284 283 2
a 284 285 2
a 285 284 2
a 285 286 10
a 286 285 10
a 286 287 6
a 287 286 6
a 287 288 10
a 288 287 10
a 287 719 7
a 719 287 7
a 288 289 9
a 289 288 9
a 289 290 10
a 290 289 10
a 290 291 10
a 291 290 10
a 291 292 1
a 292 291 1
a 292 293 7
a 293 292 7
a 293 294 3
a 294 293 3
a 294 295 4
a 295 294 4
a 295 296 6
a 296 295 6
a 296 297 8
a 297 296 8
a 297 298 10
a 298 297 10
a 298 299 4
a 299 298 4
a 299 300 9
a 300 299 9
a 300 301 1
a 301 300 1
a 301 302 3
a 302 301 3
a 302 303 6
a 303 302 6
a 303 304 10
a 304 303 10
a 304 305 2
a 305 304 2
a 305 306 9
a 306 305 9
a 306 307 7
a 307 306 7
a 307 308 6
a 308 307 6
a 308 309 7
a 309 308 7
a 309 310 3
a 310 309 3
a 310 311 9
a 311 310 9
a 311 312 4
a 312 311 4
a 312 313 8
a 313 312 8
a 313 314 1
a 314 313 1
a 314 315 10
a 315 314 10
a 315 316 2
a 316 315 2
a 316 317 5
a 317 316 5
a 317 318 6
a 318 317 6
a 318 319 6
a 319 318 6
a 319 320 1
a 320 319 1
a 320 321 2
a 321 320 2
a 321 322 1
a 322 321 1
a 322 323 6
a 323 322 6
a 323 324 10
a 324 323 10
a 324 325 8
a 325 324 8
a 325 326 3
a 326 325 3
a 326 327 8
a 327 326 8
a 327 328 9
a 328 327 9
a 328 329 4
a 329 328 4
a 329 330 8
a 330 329 8
a 330 331 8
a 331 330 8
a 331 332 8
a 332 331 8
a 332 333 6
a 333 332 6
a 333 334 10
a 334 333 10
a 334 335 9
a 335 334 9
a 335 336 5
a 336 335 5
a 336 337 5
a 337 336 5
a 337 338 4
a 338 337 4
a 338 339 8
a 339 338 8
a 339 340 10
a 340 339 10
a 340 341 7
a 341 340 7
a 341 342 9
a 342 341 9
a 342 343 2
a 343 342 2
a 343 344 5
a 344 343 5
a 344 345 10
a 345 344 10
a 345 346 5
a 346 345 5
a 346 347 8
a 347 346 8
a 347 348 6
a 348 347 6
a 348 349 5
a 349 348 5
a 349 350 1
a 350 349 1
a 350 351 1
a 351 350 1
a 351 352 7
a 352 351 7
a 352 353 1
a 353 352 1
a 353 354 8
a 354 353 8
a 354 355 1
a 355 354 1
a 355 356 2
a 356 355 2
a 356 357 8
a 357 356 8
a 357 358 6
a 358 357 6
a 358 359 4
a 359 358 4
a 359 360 6
a 360 359 6
a 360 361 6
a 361 360 6
a 361 362 10
a 362 361 10
a 362 363 10
a 363 362 10
a 363 364 8
a 364 363 8
a 364 365 1
a 365 364 1
a 365 366 3
a 366 365 3
a 366 367 6
a 367 366 6
a 367 368 10
a 368 367 10
a 368 369 5
a 369 368 5
a 369 370 3
a 370 369 3
a 370 371 3
a 371 370 3
a 371 372 5
a 372 371 5
a 372 373 6
a 373 372 6
a 373 374 5
a 374 373 5
a 374 375 3
a 375 374 3
a 375 376 2
a 376 375 2
a 376 377 10
a 377 376 10
a 377 378 10
a 378 377 10
a 378 379 5
a 379 378 5
a 379 380 6
a 380 379 6
a 380 381 9
a 381 380 9
a 381 382 7
a 382 381 7
a 382 383 6
a 383 382 6
a 383 384 4
a 384 383 4
a 384 385 1
a 385 384 1
a 385 386 7
a 386 385 7
a 386 387 7
a 387 386 7
a 387 388 5
a 388 387 5
a 388 389 5
a 389 388 5
a 389 390 2
a 390 389 2
a 390 391 8
a 391 390 8
a 391 392 5
a 392 391 5
a 392 393 1
a 393 392 1
a 393 394 4
a 394 393 4
a 394 395 10
a 395 394 10
a 395 396 10
a 396 395 10
a 396 397 5
a 397 396 5
a 397 398 7
a 398 397 7
a 398 399 10
a 399 398 10
a 399 400 3
a 400 399 3
a 400 401 8
a 401 400 8
a 401 402 9
a 402 401 9
a 402 403 2
a 403 402 2
a 403 404 8
a 404 403 8
a 404 405 4
a 405 404 4
a 405 406 10
a 406 405 10
a 406 407 1
a 407 406 1
a 407 408 8
a 408 407 8
a 408 409 1
a 409 408 1
a 409 410 8
a 410 409 8
a 410 411 2
a 411 410 2
a 411 412 2
a 412 411 2
a 412 413 7
a 413 412 7
a 413 414 2
a 414 413 2
a 414 415 4
a 415 414 4
a 415 416 1
a 416 415 1
a 416 417 7
a 417 416 7
a 417 418 5
a 418 417 5
a 418 419 10
a 419 418 10
a 419 420 6
a 420 419 6
a 420 421 1
a 421 420 1
a 421 422 9
a 422 421 9
a 422 423 10
a 423 422 10
a 423 424 3
a 424 423 3
a 424 425 10
a 425 424 10
a 425 426 4
a 426 425 4
a 426 427 5
a 427 426 5
a 427 428 9
a 428 427 9
a 428 429 1
a 429 428 1
a 429 430 7
a 430 429 7
a 430 431 3
a 431 430 3
a 431 432 4
a 432 431 4
a 432 433 5
a 433 432 5
a 433 434 10
a 434 433 10
a 434 435 10
a 435 434 10
a 435 436 1
a 436 435 1
a 436 437 2
a 437 436 2
a 437 438 2
a 438 437 2
a 438 439 1
a 439 438 1
a 439 440 1
a 440 439 1
a 440 441 10
a 441 440 10
a 441 442 9
a 442 441 9
a 442 443 8
a 443 442 8
a 443 444 7
a 444 443 7
a 444 445 10
a 445 444 10
a 445 446 1
a 446 445 1
a 446 447 10
a 447 446 10
a 447 448 5
a 448 447 5
a 448 449 2
a 449 448 2
a 449 450 1
a 450 449 1
a 450 451 1
a 451 450 1
a 451 452 10
a 452 451 10
a 452 453 10
a 453 452 10
a 453 454 6
a 454 453 6
a 454 455 1
a 455 454 1
a 455 456 9
a 456 455 9
a 456 457 3
a 457 456 3
a 457 458 10
a 458 457 10
a 458 459 2
a 459 458 2
a 459 460 8
a 460 459 8
a 460 461 2
a 461 460 2
a 461 462 10
a 462 461 10
a 462 463 2
a 463 462 2
a 463 464 4
a 464 463 4
a 464 465 5
a 465 464 5
a 465 466 6
a 466 465 6
a 466 467 5
a 467 466 5
a 467 468 7
a 468 467 7
a 468 469 1
a 469 468 1
a 469 470 6
a 470 469 6
a 470 471 3
a 471 470 3
a 471 472 1
a 472 471 1
a 472 473 8
a 473 472 8
a 473 474 4
a 474 473 4
a 474 475 6
a 475 474 6
a 475 476 10
a 476 475 10
a 476 477 6
a 477 476 6
a 477 478 9
a 478 477 9
a 478 479 10
a 479 478 10
a 479 480 3
a 480 479 3
a 480 481 8
a 481 480 8
a 481 482 10
a 482 481 10
a 482 483 5
a 483 482 5
a 483 484 7
a 484 483 7
a 484 485 2
a 485 484 2
a 485 486 7
a 486 485 7
a 486 487 4
a 487 486 4
a 487 488 4
a 488 487 4
a 488 489 6
a 489 488 6
a 489 490 9
a 490 489 9
a 490 491 9
a 491 490 9
a 491 492 4
a 492 491 4
a 492 493 9
a 493 492 9
a 493 494 10
a 494 493 10
a 494 495 1
a 495 494 1
a 495 496 2
a 496 495 2
a 496 497 6
a 497 496 6
a 497 498 9
a 498 497 9
a 498 499 7
a 499 498 7
a 499 500 5
a 500 499 5
a 500 501 5
a 501 500 5
a 501 502 2
a 502 501 2
a 502 503 10
a 503 502 10
a 503 504 3
a 504 503 3
a 504 505 6
a 505 504 6
a 505 506 6
a 506 505 6
a 506 507 7
a 507 506 7
a 507 508 7
a 508 507 7
a 508 509 7
a 509 508 7
a 509 510 6
a 510 509 6
a 510 511 5
a 511 510 5
a 511 512 10
a 512 511 10
a 512 513 5
a 513 512 5
a 513 514 8
a 514 513 8
a 514 515 9
a 515 514 9
a 515 516 1
a 516 515 1
a 516 517 7
a 517 516 7
a 517 518 5
a 518 517 5
a 518 519 9
a 519 518 9
a 519 520 6
a 520 519 6
a 520 521 5
a 521 520 5
a 521 522 9
a 522 521 9
a 522 523 3
a 523 522 3
a 523 524 6
a 524 523 6
a 524 525 4
a 525 524 4
a 525 526 6
a 526 525 6
a 526 527 8
a 527 526 8
a 527 528 8
a 528 527 8
a 528 529 1
a 529 528 1
a 529 530 9
a 530 529 9
a 530 531 4
a 531 530 4
a 531 532 4
a 532 531 4
a 532 533 4
a 533 532 4
a 533 534 4
a 534 533 4
a 534 535 10
a 535 534 10
a 535 536 2
a 536 535 2
a 536 537 6
a 537 536 6
a 537 538 3
a 538 537 3
a 538 539 3
a 539 538 3
a 539 540 6
a 540 539 6
a 540 541 6
a 541 540 6
a 541 542 3
a 542 541 3
a 542 543 4
a 543 542 4
a 543 544 4
a 544 543 4
a 544 545 4
a 545 544 4
a 545 546 3
a 546 545 3
a 546 547 3
a 547 546 3
a 547 548 9
a 548 547 9
a 548 549 7
a 549 548 7
a 549 550 1
a 550 549 1
a 550 551 8
a 551 550 8
a 551 552 4
a 552 551 4
a 552 553 7
a 553 552 7
a 553 554 3
a 554 553 3
a 554 555 1
a 555 554 1
a 555 556 9
a 556 555 9
a 556 557 5
a 557 556 5
a 557 558 4
a 558 557 4
a 558 559 7
a 559 558 7
a 559 560 1
a 560 559 1
a 560 561 3
a 561 560 3
a 561 562 9
a 562 561 9
a 562 563 7
a 563 562 7
a 563 564 10
a 564 563 10
a 564 565 4
a 565 564 4
a 565 566 6
a 566 565 6
a 566 567 3
a 567 566 3
a 567 568 8
a 568 567 8
a 568 569 2
a 569 568 2
a 569 570 10
a 570 569 10
a 570 571 8
a 571 570 8
a 571 572 9
a 572 571 9
a 572 573 2
a 573 572 2
a 573 574 1
a 574 573 1
a 574 575 10
a 575 574 10
a 575 576 10
a 576 575 10
a 576 577 10
a 577 576 10
a 577 578 6
a 578 577 6
a 578 579 2
a 579 578 2
a 579 580 4
a 580 579 4
a 580 581 10
a 581 580 10
a 581 582 3
a 582 581 3
a 582 583 2
a 583 582 2
a 583 584 3
a 584 583 3
a 584 585 1
a 585 584 1
a 585 586 4
a 586 585 4
a 586 587 3
a 587 586 3
a 587 588 10
a 588 587 10
a 588 589 7
a 589 588 7
a 589 590 5
a 590 589 5
a 590 591 8
a 591 590 8
a 591 592 2
a 592 591 2
a 592 593 2
a 593 592 2
a 593 594 2
a 594 593 2
a 594 595 5
a 595 594 5
a 595 596 2
a 596 595 2
a 596 597 9
a 597 596 9
a 597 598 5
a 598 597 5
a 598 599 8
a 599 598 8
a 599 600 2
a 600 599 2
a 600 601 10
a 601 600 10
a 601 602 1
a 602 601 1
a 602 603 10
a 603 602 10
a 603 604 4
a 604 603 4
a 604 605 7
a 605 604 7
a 605 606 3
a 606 605 3
a 606 607 6
a 607 606 6
a 607 608 10
a 608 607 10
a 608 609 6
a 609 608 6
a 609 610 5
a 610 609 5
a 610 611 4
a 611 610 4
a 611 612 3
a 612 611 3
a 612 613 6
a 613 612 6
a 613 614 9
a 614 613 9
a 614 615 3
a 615 614 3
a 615 616 2
a 616 615 2
a 616 617 6
a 617 616 6
a 617 618 9
a 618 617 9
a 618 619 7
a 619 618 7
a 619 620 1
a 620 619 1
a 620 621 7
a 621 620 7
a 621 622 1
a 622 621 1
a 622 623 3
a 623 622 3
a 623 624 2
a 624 623 2
a 624 625 6
a 625 624 6
a 625 626 3
a 626 625 3
a 626 627 7
a 627 626 7
a 627 628 4
a 628 627 4
a 628 629 4
a 629 628 4
a 629 630 8
a 630 629 8
a 630 631 8
a 631 630 8
a 631 632 3
a 632 631 3
a 632 633 4
a 633 632 4
a 633 634 3
a 634 633 3
a 634 635 1
a 635 634 1
a 635 636 2
a 636 635 2
a 636 637 7
a 637 636 7
a 637 638 5
a 638 637 5
a 638 639 3
a 639 638 3
a 639 640 3
a 640 639 3
a 640 641 1
a 641 640 1
a 641 642 7
a 642 641 7
a 642 643 10
a 643 642 10
a 643 644 5
a 644 643 5
a 644 645 10
a 645 644 10
a 645 646 1
a 646 645 1
a 646 647 4
a 647 646 4
a 647 648 8
a 648 647 8
a 648 649 6
a 649 648 6
a 649 650 6
a 650 649 6
a 650 651 6
a 651 650 6
a 651 652 3
a 652 651 3
a 652 653 4
a 653 652 4
a 653 654 5
a 654 653 5
a 654 655 1
a 655 654 1
a 655 656 3
a 656 655 3
a 656 657 7
a 657 656 7
a 657 658 7
a 658 657 7
a 658 659 5
a 659 658 5
a 659 660 6
a 660 659 6
a 660 661 9
a 661 660 9
a 661 662 7
a 662 661 7
a 662 663 9
a 663 662 9
a 663 664 7
a 664 663 7
a 664 665 8
a 665 664 8
a 665 666 2
a 666 665 2
a 666 667 3
a 667 666 3
a 667 668 6
a 668 667 6
a 668 669 2
a 669 668 2
a 669 670 9
a 670 669 9
a 670 671 4
a 671 670 4
a 671 672 1
a 672 671 1
a 672 673 9
a 673 672 9
a 673 674 9
a 674 673 9
a 674 675 9
a 675 674 9
a 675 676 7
a 676 675 7
a 676 677 9
a 677 676 9
a 677 678 1
a 678 677 1
a 678 679 6
a 679 678 6
a 679 680 3
a 680 679 3
a 680 681 9
a 681 680 9
a 681 682 8
a 682 681 8
a 682 683 2
a 683 682 2
a 683 684 2
a 684 683 2
a 684 685 8
a 685 684 8
a 685 686 8
a 686 685 8
a 686 687 8
a 687 686 8
a 687 688 4
a 688 687 4
a 688 689 7
a 689 688 7
a 689 690 6
a 690 689 6
a 690 691 2
a 691 690 2
a 691 692 10
a 692 691 10
a 692 693 5
a 693 692 5
a 693 694 1
a 694 693 1
a 694 695 1
a 695 694 1
a 695 696 8
a 696 695 8
a 696 697 10
a 697 696 10
a 697 698 9
a 698 697 9
a 698 699 8
a 699 698 8
a 699 700 5
a 700 699 5
a 700 701 10
a 701 700 10
a 701 702 7
a 702 701 7
a 702 703 4
a 703 702 4
a 703 704 1
a 704 703 1
a 704 705 7
a 705 704 7
a 705 706 4
a 706 705 4
a 706 707 10
a 707 706 10
a 707 708 10
a 708 707 10
a 708 709 3
a 709 708 3
a 709 710 4
a 710 709 4
a 710 711 9
a 711 710 9
a 711 712 7
a 712 711 7
a 712 713 7
a 713 712 7
a 713 714 7
a 714 713 7
a 714 715 7
a 715 714 7
a 715 716 9
a 716 715 9
a 716 717 7
a 717 716 7
a 717 718 2
a 718 717 2
a 718 719 9
a 719 718 9
a 719 720 2
a 720 719 2
a 720 721 6
a 721 720 6
a 721 722 6
a 722 721 6
a 722 723 4
a 723 722 4
a 723 724 9
a 724 723 9
a 724 725 8
a 725 724 8
a 725 726 1
a 726 725 1
a 726 727 8
a 727 726 8
a 727 728 7
a 728 727 7
a 728 729 7
a 729 728 7
a 729 730 5
a 730 729 5
a 730 731 7
a 731 730 7
a 731 732 5
a 732 731 5
a 732 733 8
a 733 732 8
a 733 734 8
a 734 733 8
a 734 735 1
a 735 734 1
a 735 736 5
a 736 735 5
a 736 737 3
a 737 736 3
a 737 738 2
a 738 737 2
a 738 739 10
a 739 738 10
a 739 740 4
a 740 739 4
a 740 741 3
a 741 740 3
a 741 742 8
a 742 741 8
a 742 743 3
a 743 742 3
a 743 744 7
a 744 743 7
a 744 745 10
a 745 744 10
a 745 746 10
a 746 745 10
a 746 747 3
a 747 746 3
a 747 748 7
a 748 747 7
a 748 749 1
a 749 748 1
a 749 750 9
a 750 749 9
a 750 751 1
a 751 750 1
a 751 752 7
a 752 751 7
a 752 753 2
a 753 752 2
a 753 754 1
a 754 753 1
a 754 755 8
a 755 754 8
a 755 756 9
a 756 755 9
a 756 757 8
a 757 756 8
a 757 758 8
a 758 757 8
a 758 759 9
a 759 758 9
a 759 760 7
a 760 759 7
a 760 761 2
a 761 760 2
a 761 762 2
a 762 761 2
a 762 763 2
a 763 762 2
a 763 764 8
a 764 763 8
a 764 765 2
a 765 764 2
a 765 766 5
a 766 765 5
a 766 767 6
a 767 766 6
a 767 768 3
a 768 767 3
a 768 769 3
a 769 768 3
a 769 770 7
a 770 769 7
a 770 771 2
a 771 770 2
a 771 772 5
a 772 771 5
a 772 773 8
a 773 772 8
a 773 774 10
a 774 773 10
a 774 775 8
a 775 774 8
a 775 776 2
a 776 775 2
a 776 777 2
a 777 776 2
a 777 778 4
a 778 777 4
a 778 779 1
a 779 778 1
a 779 780 7
a 780 779 7
a 780 781 2
a 781 780 2
a 781 782 10
a 782 781 10
a 782 783 3
a 783 782 3
a 783 784 10
a 784 783 10
a 784 785 4
a 785 784 4
a 785 786 2
a 786 785 2
a 786 787 4
a 787 786 4
a 787 788 4
a 788 787 4
a 788 789 7
a 789 788 7
a 789 790 7
a 790 789 7
a 790 791 5
a 791 790 5
a 791 792 7
a 792 791 7
a 792 793 1
a 793 792 1
a 793 794 2
a 794 793 2
a 794 795 2
a 795 794 2
a 795 796 9
a 796 795 9
a 796 797 3
a 797 796 3
a 797 798 8
a 798 797 8
a 798 799 7
a 799 798 7
a 799 800 6
a 800 799 6
a 800 801 4
a 801 800 4
a 801 802 4
a 802 801 4
a 802 803 3
a 803 802 3
a 803 804 10
a 804 803 10
a 804 805 4
a 805 804 4
a 805 806 8
a 806 805 8
a 806 807 7
a 807 806 7
a 807 808 10
a 808 807 10
a 808 809 9
a 809 808 9
a 809 810 3
a 810 809 3
a 810 811 3
a 811 810 3
a 811 812 7
a 812 811 7
a 812 813 8
a 813 812 8
a 813 814 7
a 814 813 7
a 814 815 9
a 815 814 9
a 815 816 3
a 816 815 3
a 816 817 2
a 817 816 2
a 817 818 4
a 818 817 4
a 818 819 2
a 819 818 2
a 819 820 7
a 820 819 7
a 820 821 8
a 821 820 8
a 821 822 7
a 822 821 7
a 822 823 6
a 823 822 6
a 823 824 10
a 824 823 10
a 824 825 6
a 825 824 6
a 825 826 6
a 826 825 6
a 826 827 2
a 827 826 2
a 827 828 9
a 828 827 9
a 828 829 1
a 829 828 1
a 829 830 3
a 830 829 3
a 830 831 6
a 831 830 6
a 831 832 8
a 832 831 8
a 832 833 10
a 833 832 10
a 833 834 3
a 834 833 3
a 834 835 2
a 835 834 2
a 835 836 8
a 836 835 8
a 836 837 5
a 837 836 5
a 837 838 4
a 838 837 4
a 838 839 8
a 839 838 8
a 839 840 7
a 840 839 7
a 840 841 3
a 841 840 3
a 841 842 2
a 842 841 2
a 842 843 7
a 843 842 7
a 843 844 8
a 844 843 8
a 844 845 8
a 845 844 8
a 845 846 8
a 846 845 8
a 846 847 4
a 847 846 4
a 847 848 6
a 848 847 6
a 848 849 1
a 849 848 1
a 849 850 3
a 850 849 3
a 850 851 3
a 851 850 3
a 851 852 5
a 852 851 5
a 852 853 1
a 853 852 1
a 853 854 1
a 854 853 1
a 854 855 9
a 855 854 9
a 855 856 7
a 856 855 7
a 856 857 3
a 857 856 3
a 857 858 7
a 858 857 7
a 858 859 1
a 859 858 1
a 859 860 7
a 860 859 7
a 860 861 7
a 861 860 7
a 861 862 9
a 862 861 9
a 862 863 8
a 863 862 8
a 863 864 7
a 864 863 7
a 864 865 4
a 865 864 4
a 865 866 1
a 866 865 1
a 866 867 3
a 867 866 3
a 867 868 1
a 868 867 1
a 868 869 6
a 869 868 6
a 869 870 6
a 870 869 6
a 870 871 2
a 871 870 2
a 871 872 8
a 872 871 8
a 872 873 6
a 873 872 6
a 873 874 5
a 874 873 5
a 874 875 9
a 875 874 9
a 875 876 2
a 876 875 2
a 876 877 5
a 877 876 5
a 877 878 7
a 878 877 7
a 878 879 10
a 879 878 10
a 879 880 8
a 880 879 8
a 880 881 1
a 881 880 1
a 881 882 10
a 882 881 10
a 882 883 4
a 883 882 4
a 883 884 7
a 884 883 7
a 884 885 4
a 885 884 4
a 885 886 8
a 886 885 8
a 886 887 9
a 887 886 9
a 887 888 6
a 888 887 6
a 888 889 3
a 889 888 3
a 889 890 10
a 890 889 10
a 890 891 7
a 891 890 7
a 891 892 3
a 892 891 3
a 892 893 5
a 893 892 5
a 893 894 5
a 894 893 5
a 894 895 1
a 895 894 1
a 895 896 9
a 896 895 9
a 896 897 2
a 897 896 2
a 897 898 4
a 898 897 4
a 898 899 5
a 899 898 5
a 899 900 2
a 900 899 2
a 900 901 4
a 901 900 4
a 901 902 6
a 902 901 6
a 902 903 3
a 903 902 3
a 903 904 8
a 904 903 8
a 904 905 4
a 905 904 4
a 905 906 9
a 906 905 9
a 906 907 10
a 907 906 10
a 907 908 7
a 908 907 7
a 908 909 2
a 909 908 2
a 909 910 4
a 910 909 4
a 910 911 2
a 911 910 2
a 911 912 10
a 912 911 10
a 912 913 2
a 913 912 2
a 913 914 1
a 914 913 1
a 914 915 6
a 915 914 6
a 915 916 8
a 916 915 8
a 916 917 7
a 917 916 7
a 917 918 3
a 918 917 3
a 918 919 5
a 919 918 5
a 919 920 9
a 920 919 9
a 920 921 8
a 921 920 8
a 921 922 10
a 922 921 10
a 922 923 1
a 923 922 1
a 923 924 8
a 924 923 8
a 924 925 5
a 925 924 5
a 925 926 7
a 926 925 7
a 926 927 2
a 927 926 2
a 927 928 4
a 928 927 4
a 928 929 10
a 929 928 10
a 929 930 9
a 930 929 9
a 930 931 5
a 931 930 5
a 931 932 5
a 932 931 5
a 932 933 6
a 933 932 6
a 933 934 4
a 934 933 4
a 934 935 5
a 935 934 5
a 935 936 4
a 936 935 4
a 936 937 3
a 937 936 3
a 937 938 3
a 938 937 3
a 938 939 9
a 939 938 9
a 939 940 10
a 940 939 10
a 940 941 2
a 941 940 2
a 941 942 4
a 942 941 4
a 942 943 3
a 943 942 3
a 943 944 6
a 944 943 6
a 944 945 2
a 945 944 2
a 945 946 10
a 946 945 10
a 946 947 9
a 947 946 9
a 947 948 6
a 948 947 6
a 948 949 1
a 949 948 1
a 949 950 3
a 950 949 3
a 950 951 6
a 951 950 6
a 951 952 9
a 952 951 9
a 952 953 5
a 953 952 5
a 953 954 8
a 954 953 8
a 954 955 8
a 955 954 8
a 955 956 6
a 956 955 6
a 956 957 5
a 957 956 5
a 957 958 3
a 958 957 3
a 958 959 6
a 959 958 6
a 959 960 6
a 960 959 6
a 960 961 2
a 961 960 2
a 961 962 7
a 962 961 7
a 962 963 4
a 963 962 4
a 963 964 5
a 964 963 5
a 964 965 3
a 965 964 3
a 965 966 4
a 966 965 4
a 966 967 3
a 967 966 3
a 967 968 10
a 968 967 10
a 968 969 8
a 969 968 8
a 969 970 3
a 970 969 3
a 970 971 4
a 971 970 4
a 971 972 4
a 972 971 4
a 972 973 8
a 973 972 8
a 973 974 4
a 974 973 4
a 974 975 3
a 975 974 3
a 975 976 10
a 976 975 10
a 976 977 4
a 977 976 4
a 977 978 2
a 978 977 2
a 978 979 10
a 979 978 10
a 979 980 2
a 980 979 2
a 980 981 3
a 981 980 3
a 981 982 2
a 982 981 2
a 982 983 10
a 983 982 10
a 983 984 3
a 984 983 3
a 984 985 4
a 985 984 4
a 985 986 9
a 986 985 9
a 986 987 4
a 987 986 4
a 987 988 7
a 988 987 7
a 988 989 1
a 989 988 1
a 989 990 10
a 990 989 10
a 990 991 4
a 991 990 4
a 991 992 1
a 992 991 1
a 992 993 4
a 993 992 4
a 993 994 9
a 994 993 9
a 994 995 2
a 995 994 2
a 995 996 7
a 996 995 7
a 996 997 10
a 997 996 10
a 997 998 4
a 998 997 4
a 998 999 10
a 999 998 10
a 999 1000 2
a 1000 999 2
