1000 2000
a 1 2 6
a 2 1 6
a 2 3 6
a 3 2 6
a 3 4 10
a 4 3 10
a 4 5 2
a 5 4 2
a 5 6 7
a 6 5 7
a 6 7 10
a 7 6 10
a 7 8 6
a 8 7 6
a 8 9 7
a 9 8 7
a 9 10 8
a 10 9 8
a 10 11 10
a 11 10 10
a 11 12 5
a 12 11 5
a 12 13 1
a 13 12 1
a 13 14 6
a 14 13 6
a 14 15 8
a 15 14 8
a 15 16 7
a 16 15 7
a 16 17 9
a 17 16 9
a 17 18 8
a 18 17 8
a 18 19 5
a 19 18 5
a 19 20 7
a 20 19 7
a 20 21 10
a 21 20 10
a 21 22 1
a 22 21 1
a 22 23 5
a 23 22 5
a 23 24 2
a 24 23 2
a 24 25 1
a 25 24 1
a 25 26 1
a 26 25 1
a 26 27 6
a 27 26 6
a 27 28 5
a 28 27 5
a 28 29 2
a 29 28 2
a 29 30 8
a 30 29 8
a 30 31 7
a 31 30 7
a 31 32 1
a 32 31 1
a 32 33 3
a 33 32 3
a 33 34 4
a 34 33 4
a 34 35 5
a 35 34 5
a 35 36 5
a 36 35 5
a 36 37 1
a 37 36 1
a 37 38 5
a 38 37 5
a 38 39 9
a 39 38 9
a 39 40 2
a 40 39 2
a 40 41 10
a 41 40 10
a 41 42 3
a 42 41 3
a 42 43 4
a 43 42 4
a 43 44 6
a 44 43 6
a 44 45 4
a 45 44 4
a 45 46 6
a 46 45 6
a 46 47 3
a 47 46 3
a 47 48 7
a 48 47 7
a 48 49 8
a 49 48 8
a 49 50 4
a 50 49 4
a 50 51 8
a 51 50 8
a 51 52 10
a 52 51 10
a 52 53 9
a 53 52 9
a 53 54 7
a 54 53 7
a 54 55 10
a 55 54 10
a 55 56 8
a 56 55 8
a 56 57 7
a 57 56 7
a 57 58 6
a 58 57 6
a 58 59 1
a 59 58 1
a 59 60 4
a 60 59 4
a 60 61 2
a 61 60 2
a 61 62 1
a 62 61 1
a 62 63 1
a 63 62 1
a 63 64 5
a 64 63 5
a 64 65 5
a 65 64 5
a 65 66 10
a 66 65 10
a 66 67 9
a 67 66 9
a 67 68 3
a 68 67 3
a 68 69 9
a 69 68 9
a 69 70 3
a 70 69 3
a 70 71 8
a 71 70 8
a 71 72 1
a 72 71 1
a 72 73 8
a 73 72 8
a 73 74 4
a 74 73 4
a 74 75 3
a 75 74 3
a 75 76 4
a 76 75 4
a 76 77 8
a 77 76 8
a 77 78 5
a 78 77 5
a 78 79 2
a 79 78 2
a 79 80 4
a 80 79 4
a 80 81 5
a 81 80 5
a 81 82 8
a 82 81 8
a 82 83 10
a 83 82 10
a 83 84 4
a 84 83 4
a 84 85 4
a 85 84 4
a 85 86 9
a 86 85 9
a 86 87 6
a 87 86 6
a 87 88 5
a 88 87 5
a 88 89 2
a 89 88 2
a 89 90 9
a 90 89 9
a 90 91 6
a 91 90 6
a 91 92 10
a 92 91 10
a 92 93 5
a 93 92 5
a 93 94 8
a 94 93 8
a 94 95 8
a 95 94 8
a 95 96 7
a 96 95 7
a 96 97 2
a 97 96 2
a 97 98 1
a 98 97 1
a 98 99 1
a 99 98 1
a 99 100 8
a 100 99 8
a 100 101 4
a 101 100 4
a 101 102 9
a 102 101 9
a 102 103 10
a 103 102 10
a 103 104 6
a 104 103 6
a 104 105 5
a 105 104 5
a 105 106 8
a 106 105 8
a 106 107 8
a 107 106 8
a 107 108 1
a 108 107 1
a 108 109 5
a 109 108 5
a 109 110 8
a 110 109 8
a 110 111 9
a 111 110 9
a 111 112 8
a 112 111 8
a 112 113 5
a 113 112 5
a 113 114 7
a 114 113 7
a 114 115 3
a 115 114 3
a 115 116 7
a 116 115 7
a 116 117 2
a 117 116 2
a 117 118 2
a 118 117 2
a 118 119 5
a 119 118 5
a 119 120 7
a 120 119 7
a 120 121 8
a 121 120 8
a 121 122 8
a 122 121 8
a 122 123 9
a 123 122 9
a 123 124 8
a 124 123 8
a 124 125 6
a 125 124 6
a 125 126 4
a 126 125 4
a 126 127 5
a 127 126 5
a 127 128 7
a 128 127 7
a 128 129 7
a 129 128 7
a 129 130 2
a 130 129 2
a 130 131 6
a 131 130 6
a 131 132 4
a 132 131 4
a 132 133 2
a 133 132 2
a 133 134 5
a 134 133 5
a 134 135 1
a 135 134 1
a 135 136 10
a 136 135 10
a 136 137 4
a 137 136 4
a 137 138 8
a 138 137 8
a 138 139 1
a 139 138 1
a 139 140 8
a 140 139 8
a 140 141 10
a 141 140 10
a 141 142 7
a 142 141 7
a 142 143 3
a 143 142 3
a 143 144 6
a 144 143 6
a 144 145 6
a 145 144 6
a 145 146 6
a 146 145 6
a 146 147 4
a 147 146 4
a 147 148 3
a 148 147 3
a 148 149 7
a 149 148 7
a 149 150 3
a 150 149 3
a 150 151 5
a 151 150 5
a 151 152 10
a 152 151 10
a 152 153 6
a 153 152 6
a 153 154 1
a 154 153 1
a 154 155 9
a 155 154 9
a 155 156 10
a 156 155 10
a 156 157 3
a 157 156 3
a 157 158 3
a 158 157 3
a 158 159 2
a 159 158 2
a 159 160 2
a 160 159 2
a 160 161 10
a 161 160 10
a 161 162 1
a 162 161 1
a 162 163 9
a 163 162 9
a 163 164 7
a 164 163 7
a 164 165 8
a 165 164 8
a 165 166 1
a 166 165 1
a 166 167 1
a 167 166 1
a 167 168 3
a 168 167 3
a 168 169 1
a 169 168 1
a 169 170 6
a 170 169 6
a 170 171 3
a 171 170 3
a 171 172 1
a 172 171 1
a 172 173 7
a 173 172 7
a 173 174 2
a 174 173 2
a 174 175 4
a 175 174 4
a 175 176 7
a 176 175 7
a 176 177 9
a 177 176 9
a 177 178 7
a 178 177 7
a 178 179 6
a 179 178 6
a 179 180 6
a 180 179 6
a 180 181 1
a 181 180 1
a 181 182 3
a 182 181 3
a 182 183 7
a 183 182 7
a 183 184 10
a 184 183 10
a 184 185 9
a 185 184 9
a 185 186 10
a 186 185 10
a 186 187 3
a 187 186 3
a 187 188 9
a 188 187 9
a 188 189 2
a 189 188 2
a 189 190 8
a 190 189 8
a 190 191 6
a 191 190 6
a 191 192 4
a 192 191 4
a 192 193 2
a 193 192 2
a 193 194 6
a 194 193 6
a 194 195 10
a 195 194 10
a 195 196 6
a 196 195 6
a 196 197 6
a 197 196 6
a 197 198 8
a 198 197 8
a 198 199 4
a 199 198 4
a 199 200 6
a 200 199 6
a 200 201 3
a 201 200 3
a 201 202 10
a 202 201 10
a 202 203 5
a 203 202 5
a 203 204 5
a 204 203 5
a 204 205 10
a 205 204 10
a 205 206 7
a 206 205 7
a 206 207 6
a 207 206 6
a 207 208 8
a 208 207 8
a 208 209 8
a 209 208 8
a 209 210 3
a 210 209 3
a 210 211 7
a 211 210 7
a 211 212 4
a 212 211 4
a 212 213 2
a 213 212 2
a 213 214 8
a 214 213 8
a 214 215 6
a 215 214 6
a 215 216 10
a 216 215 10
a 216 217 9
a 217 216 9
a 217 218 6
a 218 217 6
a 218 219 1
a 219 218 1
a 219 220 2
a 220 219 2
a 220 221 10
a 221 220 10
a 221 222 10
a 222 221 10
a 222 223 10
a 223 222 10
a 223 224 7
a 224 223 7
a 224 225 7
a 225 224 7
a 225 226 10
a 226 225 10
a 226 227 8
a 227 226 8
a 227 228 5
a 228 227 5
a 228 229 6
a 229 228 6
a 229 230 6
a 230 229 6
a 230 231 9
a 231 230 9
a 231 232 7
a 232 231 7
a 232 233 8
a 233 232 8
a 233 234 3
a 234 233 3
a 234 235 8
a 235 234 8
a 235 236 10
a 236 235 10
a 236 237 3
a 237 236 3
a 237 238 4
a 238 237 4
a 238 239 9
a 239 238 9
a 239 240 10
a 240 239 10
a 240 241 5
a 241 240 5
a 241 242 4
a 242 241 4
a 242 243 7
a 243 242 7
a 243 244 10
a 244 243 10
a 244 245 5
a 245 244 5
a 245 246 1
a 246 245 1
a 246 247 10
a 247 246 10
a 247 248 7
a 248 247 7
a 248 249 9
a 249 248 9
a 249 250 7
a 250 249 7
a 250 251 7
a 251 250 7
a 251 252 5
a 252 251 5
a 252 253 10
a 253 252 10
a 253 254 7
a 254 253 7
a 254 255 6
a 255 254 6
a 255 256 7
a 256 255 7
a 256 257 1
a 257 256 1
a 257 258 5
a 258 257 5
a 258 259 2
a 259 258 2
a 259 260 7
a 260 259 7
a 260 261 1
a 261 260 1
a 261 262 1
a 262 261 1
a 262 263 9
a 263 262 9
a 263 264 6
a 264 263 6
a 264 265 3
a 265 264 3
a 265 266 9
a 266 265 9
a 266 267 6
a 267 266 6
a 267 268 10
a 268 267 10
a 268 269 8
a 269 268 8
a 269 270 8
a 270 269 8
a 270 271 10
a 271 270 10
a 271 272 4
a 272 271 4
a 272 273 3
a 273 272 3
a 273 274 6
a 274 273 6
a 274 275 3
a 275 274 3
a 275 276 4
a 276 275 4
a 276 277 1
a 277 276 1
a 277 278 4
a 278 277 4
a 278 279 2
a 279 278 2
a 279 280 7
a 280 279 7
a 280 281 2
a 281 280 2
a 281 282 5
a 282 281 5
a 282 283 1
a 283 282 1
a 283 284 10
a 284 283 10
a 284 285 7
a 285 284 7
a 285 286 9
a 286 285 9
a 286 287 7
a 287 286 7
a 287 288 6
a 288 287 6
a 288 289 9
a 289 288 9
a 289 290 8
a 290 289 8
a 290 291 7
a 291 290 7
a 291 292 7
a 292 291 7
a 292 293 5
a 293 292 5
a 293 294 1
a 294 293 1
a 294 295 5
a 295 294 5
a 295 296 2
a 296 295 2
a 296 297 6
a 297 296 6
a 297 298 5
a 298 297 5
a 298 299 2
a 299 298 2
a 299 300 8
a 300 299 8
a 300 301 4
a 301 300 4
a 301 302 1
a 302 301 1
a 302 303 4
a 303 302 4
a 303 304 2
a 304 303 2
a 304 305 4
a 305 304 4
a 305 306 9
a 306 305 9
a 306 307 4
a 307 306 4
a 307 308 6
a 308 307 6
a 308 309 7
a 309 308 7
a 309 310 4
a 310 309 4
a 310 311 2
a 311 310 2
a 311 312 4
a 312 311 4
a 312 313 9
a 313 312 9
a 313 314 8
a 314 313 8
a 314 315 6
a 315 314 6
a 315 316 4
a 316 315 4
a 316 317 1
a 317 316 1
a 317 318 10
a 318 317 10
a 318 319 8
a 319 318 8
a 319 320 4
a 320 319 4
a 320 321 4
a 321 320 4
a 321 322 3
a 322 321 3
a 322 323 8
a 323 322 8
a 323 324 6
a 324 323 6
a 324 325 2
a 325 324 2
a 325 326 3
a 326 325 3
a 326 327 3
a 327 326 3
a 327 328 1
a 328 327 1
a 328 329 6
a 329 328 6
a 329 330 1
a 330 329 1
a 330 331 5
a 331 330 5
a 331 332 7
a 332 331 7
a 332 333 4
a 333 332 4
a 333 334 6
a 334 333 6
a 334 335 5
a 335 334 5
a 335 336 4
a 336 335 4
a 336 337 4
a 337 336 4
a 337 338 3
a 338 337 3
a 338 339 5
a 339 338 5
a 339 340 5
a 340 339 5
a 340 341 8
a 341 340 8
a 341 342 9
a 342 341 9
a 342 343 8
a 343 342 8
a 343 344 9
a 344 343 9
a 344 345 6
a 345 344 6
a 345 346 7
a 346 345 7
a 346 347 1
a 347 346 1
a 347 348 3
a 348 347 3
a 348 349 1
a 349 348 1
a 349 350 9
a 350 349 9
a 350 351 3
a 351 350 3
a 351 352 2
a 352 351 2
a 352 353 6
a 353 352 6
a 353 354 4
a 354 353 4
a 354 355 10
a 355 354 10
a 355 356 1
a 356 355 1
a 356 357 5
a 357 356 5
a 357 358 8
a 358 357 8
a 358 359 2
a 359 358 2
a 359 360 4
a 360 359 4
a 360 361 3
a 361 360 3
a 361 362 3
a 362 361 3
a 362 363 2
a 363 362 2
a 363 364 4
a 364 363 4
a 364 365 1
a 365 364 1
a 365 366 4
a 366 365 4
a 366 367 7
a 367 366 7
a 367 368 6
a 368 367 6
a 368 369 10
a 369 368 10
a 369 370 7
a 370 369 7
a 370 371 7
a 371 370 7
a 371 372 4
a 372 371 4
a 372 373 4
a 373 372 4
a 373 374 5
a 374 373 5
a 374 375 10
a 375 374 10
a 375 376 1
a 376 375 1
a 376 377 8
a 377 376 8
a 377 378 5
a 378 377 5
a 378 379 1
a 379 378 1
a 379 380 10
a 380 379 10
a 380 381 3
a 381 380 3
a 381 382 3
a 382 381 3
a 382 383 5
a 383 382 5
a 383 384 2
a 384 383 2
a 384 385 1
a 385 384 1
a 385 386 3
a 386 385 3
a 386 387 2
a 387 386 2
a 387 388 7
a 388 387 7
a 388 389 9
a 389 388 9
a 389 390 7
a 390 389 7
a 390 391 3
a 391 390 3
a 391 392 2
a 392 391 2
a 392 393 5
a 393 392 5
a 393 394 1
a 394 393 1
a 394 395 10
a 395 394 10
a 395 396 3
a 396 395 3
a 396 397 7
a 397 396 7
a 397 398 4
a 398 397 4
a 398 399 8
a 399 398 8
a 399 400 7
a 400 399 7
a 400 401 9
a 401 400 9
a 401 402 6
a 402 401 6
a 402 403 2
a 403 402 2
a 403 404 2
a 404 403 2
a 404 405 1
a 405 404 1
a 405 406 2
a 406 405 2
a 406 407 6
a 407 406 6
a 407 408 6
a 408 407 6
a 408 409 8
a 409 408 8
a 409 410 6
a 410 409 6
a 410 411 9
a 411 410 9
a 411 412 7
a 412 411 7
a 412 413 1
a 413 412 1
a 413 414 9
a 414 413 9
a 414 415 3
a 415 414 3
a 415 416 3
a 416 415 3
a 416 417 8
a 417 416 8
a 417 418 2
a 418 417 2
a 418 419 3
a 419 418 3
a 419 420 9
a 420 419 9
a 420 421 7
a 421 420 7
a 421 422 4
a 422 421 4
a 422 423 4
a 423 422 4
a 423 424 10
a 424 423 10
a 424 425 5
a 425 424 5
a 425 426 10
a 426 425 10
a 426 427 8
a 427 426 8
a 427 428 9
a 428 427 9
a 428 429 3
a 429 428 3
a 429 430 7
a 430 429 7
a 430 431 7
a 431 430 7
a 431 432 5
a 432 431 5
a 432 433 5
a 433 432 5
a 433 434 2
a 434 433 2
a 434 435 6
a 435 434 6
a 435 436 7
a 436 435 7
a 436 437 5
a 437 436 5
a 437 438 1
a 438 437 1
a 438 439 10
a 439 438 10
a 439 440 10
a 440 439 10
a 440 441 2
a 441 440 2
a 441 442 3
a 442 441 3
a 442 443 1
a 443 442 1
a 443 444 3
a 444 443 3
a 444 445 5
a 445 444 5
a 445 446 4
a 446 445 4
a 446 447 10
a 447 446 10
a 447 448 4
a 448 447 4
a 448 449 1
a 449 448 1
a 449 450 10
a 450 449 10
a 450 451 7
a 451 450 7
a 451 452 1
a 452 451 1
a 452 453 6
a 453 452 6
a 453 454 9
a 454 453 9
a 454 455 3
a 455 454 3
a 455 456 1
a 456 455 1
a 456 457 2
a 457 456 2
a 457 458 8
a 458 457 8
a 458 459 10
a 459 458 10
a 459 460 10
a 460 459 10
a 460 461 5
a 461 460 5
a 461 462 8
a 462 461 8
a 462 463 2
a 463 462 2
a 463 464 7
a 464 463 7
a 464 465 8
a 465 464 8
a 465 466 7
a 466 465 7
a 466 467 1
a 467 466 1
a 467 468 3
a 468 467 3
a 468 469 1
a 469 468 1
a 469 470 4
a 470 469 4
a 470 471 7
a 471 470 7
a 471 472 10
a 472 471 10
a 472 473 8
a 473 472 8
a 473 474 7
a 474 473 7
a 474 475 1
a 475 474 1
a 475 476 3
a 476 475 3
a 476 477 1
a 477 476 1
a 477 478 10
a 478 477 10
a 478 479 7
a 479 478 7
a 479 480 9
a 480 479 9
a 480 481 1
a 481 480 1
a 481 482 2
a 482 481 2
a 482 483 7
a 483 482 7
a 483 484 3
a 484 483 3
a 484 485 8
a 485 484 8
a 485 486 10
a 486 485 10
a 486 487 4
a 487 486 4
a 487 488 10
a 488 487 10
a 488 489 10
a 489 488 10
a 489 490 10
a 490 489 10
a 490 491 2
a 491 490 2
a 491 492 3
a 492 491 3
a 492 493 7
a 493 492 7
a 493 494 10
a 494 493 10
a 494 495 3
a 495 494 3
a 495 496 9
a 496 495 9
a 496 497 4
a 497 496 4
a 497 498 4
a 498 497 4
a 498 499 1
a 499 498 1
a 499 500 9
a 500 499 9
a 500 501 1
a 501 500 1
a 501 502 2
a 502 501 2
a 502 503 1
a 503 502 1
a 503 504 8
a 504 503 8
a 504 505 2
a 505 504 2
a 505 506 7
a 506 505 7
a 506 507 10
a 507 506 10
a 507 508 8
a 508 507 8
a 508 509 7
a 509 508 7
a 509 510 2
a 510 509 2
a 510 511 8
a 511 510 8
a 511 512 9
a 512 511 9
a 512 513 3
a 513 512 3
a 513 514 4
a 514 513 4
a 514 515 8
a 515 514 8
a 515 516 5
a 516 515 5
a 516 517 5
a 517 516 5
a 517 518 7
a 518 517 7
a 518 519 6
a 519 518 6
a 519 520 6
a 520 519 6
a 520 521 3
a 521 520 3
a 521 522 8
a 522 521 8
a 522 523 5
a 523 522 5
a 523 524 5
a 524 523 5
a 524 525 3
a 525 524 3
a 525 526 4
a 526 525 4
a 526 527 3
a 527 526 3
a 527 528 9
a 528 527 9
a 528 529 4
a 529 528 4
a 529 530 1
a 530 529 1
a 530 531 2
a 531 530 2
a 531 532 4
a 532 531 4
a 532 533 6
a 533 532 6
a 533 534 3
a 534 533 3
a 534 535 7
a 535 534 7
a 535 536 10
a 536 535 10
a 536 537 6
a 537 536 6
a 537 538 2
a 538 537 2
a 538 539 2
a 539 538 2
a 539 540 9
a 540 539 9
a 540 541 4
a 541 540 4
a 541 542 3
a 542 541 3
a 542 543 1
a 543 542 1
a 543 544 6
a 544 543 6
a 544 545 1
a 545 544 1
a 545 546 7
a 546 545 7
a 546 547 8
a 547 546 8
a 547 548 9
a 548 547 9
a 548 549 8
a 549 548 8
a 549 550 4
a 550 549 4
a 550 551 9
a 551 550 9
a 551 552 4
a 552 551 4
a 552 553 9
a 553 552 9
a 553 554 1
a 554 553 1
a 554 555 3
a 555 554 3
a 555 556 2
a 556 555 2
a 556 557 3
a 557 556 3
a 557 558 3
a 558 557 3
a 558 559 5
a 559 558 5
a 559 560 8
a 560 559 8
a 560 561 7
a 561 560 7
a 561 562 7
a 562 561 7
a 562 563 3
a 563 562 3
a 563 564 7
a 564 563 7
a 564 565 9
a 565 564 9
a 565 566 9
a 566 565 9
a 566 567 9
a 567 566 9
a 567 568 2
a 568 567 2
a 568 569 9
a 569 568 9
a 569 570 4
a 570 569 4
a 570 571 6
a 571 570 6
a 571 572 4
a 572 571 4
a 572 573 1
a 573 572 1
a 573 574 4
a 574 573 4
a 574 575 7
a 575 574 7
a 575 576 4
a 576 575 4
a 576 577 6
a 577 576 6
a 577 578 9
a 578 577 9
a 578 579 5
a 579 578 5
a 579 580 2
a 580 579 2
a 580 581 3
a 581 580 3
a 581 582 8
a 582 581 8
a 582 583 8
a 583 582 8
a 583 584 7
a 584 583 7
a 584 585 8
a 585 584 8
a 585 586 2
a 586 585 2
a 586 587 2
a 587 586 2
a 587 588 9
a 588 587 9
a 588 589 1
a 589 588 1
a 589 590 3
a 590 589 3
a 590 591 1
a 591 590 1
a 591 592 2
a 592 591 2
a 592 593 3
a 593 592 3
a 593 594 4
a 594 593 4
a 594 595 9
a 595 594 9
a 595 596 9
a 596 595 9
a 596 597 5
a 597 596 5
a 597 598 1
a 598 597 1
a 598 599 2
a 599 598 2
a 599 600 8
a 600 599 8
a 600 601 3
a 601 600 3
a 601 602 2
a 602 601 2
a 602 603 4
a 603 602 4
a 603 604 4
a 604 603 4
a 604 605 4
a 605 604 4
a 605 606 3
a 606 605 3
a 606 607 3
a 607 606 3
a 607 608 3
a 608 607 3
a 608 609 5
a 609 608 5
a 609 610 2
a 610 609 2
a 610 611 5
a 611 610 5
a 611 612 2
a 612 611 2
a 612 613 5
a 613 612 5
a 613 614 3
a 614 613 3
a 614 615 3
a 615 614 3
a 615 616 8
a 616 615 8
a 616 617 2
a 617 616 2
a 617 618 3
a 618 617 3
a 618 619 9
a 619 618 9
a 619 620 2
a 620 619 2
a 620 621 1
a 621 620 1
a 621 622 7
a 622 621 7
a 622 623 3
a 623 622 3
a 623 624 3
a 624 623 3
a 624 625 8
a 625 624 8
a 625 626 5
a 626 625 5
a 626 627 7
a 627 626 7
a 627 628 4
a 628 627 4
a 628 629 4
a 629 628 4
a 629 630 8
a 630 629 8
a 630 631 3
a 631 630 3
a 631 632 2
a 632 631 2
a 632 633 8
a 633 632 8
a 633 634 1
a 634 633 1
a 634 635 5
a 635 634 5
a 635 636 10
a 636 635 10
a 636 637 3
a 637 636 3
a 637 638 9
a 638 637 9
a 638 639 2
a 639 638 2
a 639 640 5
a 640 639 5
a 640 641 2
a 641 640 2
a 641 642 5
a 642 641 5
a 642 643 8
a 643 642 8
a 643 644 6
a 644 643 6
a 644 645 6
a 645 644 6
a 645 646 10
a 646 645 10
a 646 647 2
a 647 646 2
a 647 648 8
a 648 647 8
a 648 649 2
a 649 648 2
a 649 650 1
a 650 649 1
a 650 651 9
a 651 650 9
a 651 652 2
a 652 651 2
a 652 653 10
a 653 652 10
a 653 654 5
a 654 653 5
a 654 655 4
a 655 654 4
a 655 656 1
a 656 655 1
a 656 657 2
a 657 656 2
a 657 658 4
a 658 657 4
a 658 659 6
a 659 658 6
a 659 660 6
a 660 659 6
a 660 661 2
a 661 660 2
a 661 662 10
a 662 661 10
a 662 663 1
a 663 662 1
a 663 664 1
a 664 663 1
a 664 665 1
a 665 664 1
a 665 666 10
a 666 665 10
a 666 667 8
a 667 666 8
a 667 668 7
a 668 667 7
a 668 669 10
a 669 668 10
a 669 670 8
a 670 669 8
a 670 671 10
a 671 670 10
a 671 672 9
a 672 671 9
a 672 673 2
a 673 672 2
a 673 674 6
a 674 673 6
a 674 675 2
a 675 674 2
a 675 676 8
a 676 675 8
a 676 677 3
a 677 676 3
a 677 678 10
a 678 677 10
a 678 679 7
a 679 678 7
a 679 680 4
a 680 679 4
a 680 681 9
a 681 680 9
a 681 682 2
a 682 681 2
a 682 683 10
a 683 682 10
a 683 684 9
a 684 683 9
a 684 685 7
a 685 684 7
a 685 686 9
a 686 685 9
a 686 687 10
a 687 686 10
a 687 688 8
a 688 687 8
a 688 689 1
a 689 688 1
a 689 690 4
a 690 689 4
a 690 691 7
a 691 690 7
a 691 692 1
a 692 691 1
a 692 693 7
a 693 692 7
a 693 694 5
a 694 693 5
a 694 695 1
a 695 694 1
a 695 696 9
a 696 695 9
a 696 697 5
a 697 696 5
a 697 698 4
a 698 697 4
a 698 699 10
a 699 698 10
a 699 700 6
a 700 699 6
a 700 701 1
a 701 700 1
a 701 702 4
a 702 701 4
a 702 703 5
a 703 702 5
a 703 704 10
a 704 703 10
a 704 705 6
a 705 704 6
a 705 706 8
a 706 705 8
a 706 707 4
a 707 706 4
a 707 708 9
a 708 707 9
a 708 709 8
a 709 708 8
a 709 710 7
a 710 709 7
a 710 711 7
a 711 710 7
a 711 712 1
a 712 711 1
a 712 713 8
a 713 712 8
a 713 714 6
a 714 713 6
a 714 715 4
a 715 714 4
a 715 716 2
a 716 715 2
a 716 717 5
a 717 716 5
a 717 718 1
a 718 717 1
a 718 719 1
a 719 718 1
a 719 720 2
a 720 719 2
a 720 721 7
a 721 720 7
a 721 722 6
a 722 721 6
a 722 723 3
a 723 722 3
a 723 724 7
a 724 723 7
a 724 725 2
a 725 724 2
a 725 726 8
a 726 725 8
a 726 727 9
a 727 726 9
a 727 728 9
a 728 727 9
a 728 729 3
a 729 728 3
a 729 730 2
a 730 729 2
a 730 731 3
a 731 730 3
a 731 732 7
a 732 731 7
a 732 733 3
a 733 732 3
a 733 734 4
a 734 733 4
a 734 735 6
a 735 734 6
a 735 736 9
a 736 735 9
a 736 737 2
a 737 736 2
a 737 738 1
a 738 737 1
a 738 739 5
a 739 738 5
a 739 740 10
a 740 739 10
a 740 741 9
a 741 740 9
a 741 742 10
a 742 741 10
a 742 743 2
a 743 742 2
a 743 744 5
a 744 743 5
a 744 745 9
a 745 744 9
a 745 746 4
a 746 745 4
a 746 747 9
a 747 746 9
a 747 748 1
a 748 747 1
a 748 749 6
a 749 748 6
a 749 750 9
a 750 749 9
a 750 751 3
a 751 750 3
a 751 752 2
a 752 751 2
a 752 753 8
a 753 752 8
a 753 754 10
a 754 753 10
a 754 755 1
a 755 754 1
a 755 756 9
a 756 755 9
a 756 757 1
a 757 756 1
a 757 758 9
a 758 757 9
a 758 759 9
a 759 758 9
a 759 760 8
a 760 759 8
a 760 761 5
a 761 760 5
a 761 762 6
a 762 761 6
a 762 763 7
a 763 762 7
a 763 764 7
a 764 763 7
a 764 765 5
a 765 764 5
a 765 766 10
a 766 765 10
a 766 767 8
a 767 766 8
a 767 768 5
a 768 767 5
a 768 769 3
a 769 768 3
a 769 770 10
a 770 769 10
a 770 771 8
a 771 770 8
a 771 772 10
a 772 771 10
a 772 773 10
a 773 772 10
a 773 774 4
a 774 773 4
a 774 775 6
a 775 774 6
a 775 776 2
a 776 775 2
a 775 872 1
a 872 775 1
a 776 777 6
a 777 776 6
a 777 778 5
a 778 777 5
a 778 779 2
a 779 778 2
a 779 780 2
a 780 779 2
a 780 781 5
a 781 780 5
a 781 782 9
a 782 781 9
a 782 783 5
a 783 782 5
a 783 784 3
a 784 783 3
a 784 785 4
a 785 784 4
a 785 786 8
a 786 785 8
a 786 787 8
a 787 786 8
a 787 788 2
a 788 787 2
a 788 789 3
a 789 788 3
a 789 790 8
a 790 789 8
a 790 791 1
a 791 790 1
a 791 792 5
a 792 791 5
a 792 793 10
a 793 792 10
a 793 794 5
a 794 793 5
a 794 795 9
a 795 794 9
a 795 796 4
a 796 795 4
a 796 797 6
a 797 796 6
a 797 798 9
a 798 797 9
a 798 799 3
a 799 798 3
a 799 800 8
a 800 799 8
a 800 801 7
a 801 800 7
a 801 802 6
a 802 801 6
a 802 803 4
a 803 802 4
a 803 804 2
a 804 803 2
a 804 805 7
a 805 804 7
a 805 806 3
a 806 805 3
a 806 807 4
a 807 806 4
a 807 808 1
a 808 807 1
a 808 809 4
a 809 808 4
a 809 810 3
a 810 809 3
a 810 811 2
a 811 810 2
a 811 812 3
a 812 811 3
a 812 813 10
a 813 812 10
a 813 814 9
a 814 813 9
a 814 815 3
a 815 814 3
a 815 816 1
a 816 815 1
a 816 817 6
a 817 816 6
a 817 818 1
a 818 817 1
a 818 819 4
a 819 818 4
a 819 820 7
a 820 819 7
a 820 821 3
a 821 820 3
a 821 822 5
a 822 821 5
a 822 823 8
a 823 822 8
a 823 824 6
a 824 823 6
a 824 825 5
a 825 824 5
a 825 826 10
a 826 825 10
a 826 827 4
a 827 826 4
a 827 828 3
a 828 827 3
a 828 829 9
a 829 828 9
a 829 830 2
a 830 829 2
a 830 831 10
a 831 830 10
a 831 832 5
a 832 831 5
a 832 833 10
a 833 832 10
a 833 834 4
a 834 833 4
a 834 835 10
a 835 834 10
a 835 836 7
a 836 835 7
a 836 837 6
a 837 836 6
a 837 838 2
a 838 837 2
a 838 839 5
a 839 838 5
a 839 840 10
a 840 839 10
a 840 841 3
a 841 840 3
a 841 842 7
a 842 841 7
a 842 843 2
a 843 842 2
a 843 844 9
a 844 843 9
a 844 845 10
a 845 844 10
a 845 846 3
a 846 845 3
a 846 847 6
a 847 846 6
a 847 848 8
a 848 847 8
a 848 849 1
a 849 848 1
a 849 850 7
a 850 849 7
a 850 851 8
a 851 850 8
a 851 852 10
a 852 851 10
a 852 853 1
a 853 852 1
a 853 854 6
a 854 853 6
a 854 855 4
a 855 854 4
a 855 856 6
a 856 855 6
a 856 857 5
a 857 856 5
a 857 858 4
a 858 857 4
a 858 859 5
a 859 858 5
a 859 860 9
a 860 859 9
a 860 861 3
a 861 860 3
a 861 862 7
a 862 861 7
a 862 863 6
a 863 862 6
a 863 864 1
a 864 863 1
a 864 865 9
a 865 864 9
a 865 866 8
a 866 865 8
a 866 867 1
a 867 866 1
a 867 868 2
a 868 867 2
a 868 869 8
a 869 868 8
a 869 870 1
a 870 869 1
a 870 871 3
a 871 870 3
a 871 872 3
a 872 871 3
a 872 873 10
a 873 872 10
a 873 874 5
a 874 873 5
a 874 875 5
a 875 874 5
a 875 876 2
a 876 875 2
a 876 877 7
a 877 876 7
a 877 878 5
a 878 877 5
a 878 879 7
a 879 878 7
a 879 880 7
a 880 879 7
a 880 881 8
a 881 880 8
a 881 882 2
a 882 881 2
a 882 883 7
a 883 882 7
a 883 884 4
a 884 883 4
a 884 885 8
a 885 884 8
a 885 886 2
a 886 885 2
a 886 887 8
a 887 886 8
a 887 888 2
a 888 887 2
a 888 889 8
a 889 888 8
a 889 890 8
a 890 889 8
a 890 891 7
a 891 890 7
a 891 892 5
a 892 891 5
a 892 893 8
a 893 892 8
a 893 894 9
a 894 893 9
a 894 895 7
a 895 894 7
a 895 896 4
a 896 895 4
a 896 897 10
a 897 896 10
a 897 898 3
a 898 897 3
a 898 899 5
a 899 898 5
a 899 900 1
a 900 899 1
a 900 901 8
a 901 900 8
a 901 902 4
a 902 901 4
a 902 903 3
a 903 902 3
a 903 904 4
a 904 903 4
a 904 905 1
a 905 904 1
a 905 906 3
a 906 905 3
a 906 907 8
a 907 906 8
a 907 908 6
a 908 907 6
a 908 909 10
a 909 908 10
a 909 910 9
a 910 909 9
a 910 911 3
a 911 910 3
a 911 912 10
a 912 911 10
a 912 913 10
a 913 912 10
a 913 914 5
a 914 913 5
a 914 915 8
a 915 914 8
a 915 916 10
a 916 915 10
a 916 917 3
a 917 916 3
a 917 918 5
a 918 917 5
a 918 919 6
a 919 918 6
a 919 920 6
a 920 919 6
a 920 921 4
a 921 920 4
a 921 922 10
a 922 921 10
a 922 923 5
a 923 922 5
a 923 924 5
a 924 923 5
a 924 925 9
a 925 924 9
a 925 926 9
a 926 925 9
a 926 927 5
a 927 926 5
a 927 928 9
a 928 927 9
a 928 929 9
a 929 928 9
a 929 930 8
a 930 929 8
a 930 931 6
a 931 930 6
a 931 932 1
a 932 931 1
a 932 933 8
a 933 932 8
a 933 934 5
a 934 933 5
a 934 935 5
a 935 934 5
a 935 936 4
a 936 935 4
a 936 937 1
a 937 936 1
a 937 938 5
a 938 937 5
a 938 939 1
a 939 938 1
a 939 940 4
a 940 939 4
a 940 941 7
a 941 940 7
a 941 942 3
a 942 941 3
a 942 943 5
a 943 942 5
a 943 944 2
a 944 943 2
a 944 945 1
a 945 944 1
a 945 946 1
a 946 945 1
a 946 947 6
a 947 946 6
a 947 948 8
a 948 947 8
a 948 949 6
a 949 948 6
a 949 950 7
a 950 949 7
a 950 951 2
a 951 950 2
a 951 952 4
a 952 951 4
a 952 953 8
a 953 952 8
a 953 954 8
a 954 953 8
a 954 955 5
a 955 954 5
a 955 956 9
a 956 955 9
a 956 957 8
a 957 956 8
a 957 958 8
a 958 957 8
a 958 959 6
a 959 958 6
a 959 960 3
a 960 959 3
a 960 961 6
a 961 960 6
a 961 962 3
a 962 961 3
a 962 963 2
a 963 962 2
a 963 964 6
a 964 963 6
a 964 965 3
a 965 964 3
a 965 966 4
a 966 965 4
a 966 967 8
a 967 966 8
a 967 968 6
a 968 967 6
a 968 969 7
a 969 968 7
a 969 970 4
a 970 969 4
a 970 971 4
a 971 970 4
a 971 972 3
a 972 971 3
a 972 973 1
a 973 972 1
a 973 974 2
a 974 973 2
a 974 975 6
a 975 974 6
a 975 976 4
a 976 975 4
a 976 977 2
a 977 976 2
a 977 978 7
a 978 977 7
a 978 979 7
a 979 978 7
a 979 980 3
a 980 979 3
a 980 981 7
a 981 980 7
a 981 982 4
a 982 981 4
a 982 983 8
a 983 982 8
a 983 984 1
a 984 983 1
a 984 985 7
a 985 984 7
a 985 986 10
a 986 985 10
a 986 987 10
a 987 986 10
a 987 988 6
a 988 987 6
a 988 989 10
a 989 988 10
a 989 990 2
a 990 989 2
a 990 991 1
a 991 990 1
a 991 992 10
a 992 991 10
a 992 993 7
a 993 992 7
a 993 994 3
a 994 993 3
a 994 995 6
a 995 994 6
a 995 996 2
a 996 995 2
a 996 997 4
a 997 996 4
a 997 998 2
a 998 997 2
a 998 999 3
a 999 998 3
a 999 1000 9
a 1000 999 9
